-3900000,-3850000,-700000,-650000
-3900000,-3850000,-650000,-600000
-3900000,-3850000,-600000,-550000
-3900000,-3850000,-550000,-500000
-3900000,-3850000,-500000,-450000
-3900000,-3850000,-450000,-400000
-3900000,-3850000,-400000,-350000
-3900000,-3850000,-350000,-300000
-3900000,-3850000,-300000,-250000
-3900000,-3850000,-250000,-200000
-3900000,-3850000,-200000,-150000
-3900000,-3850000,-150000,-100000
-3900000,-3850000,-100000,-50000
-3900000,-3850000,-50000,0
-3900000,-3850000,0,50000
-3900000,-3850000,50000,100000
-3900000,-3850000,100000,150000
-3900000,-3850000,150000,200000
-3900000,-3850000,200000,250000
-3900000,-3850000,250000,300000
-3900000,-3850000,300000,350000
-3900000,-3850000,350000,400000
-3900000,-3850000,400000,450000
-3900000,-3850000,450000,500000
-3900000,-3850000,500000,550000
-3900000,-3850000,550000,600000
-3900000,-3850000,600000,650000
-3900000,-3850000,650000,700000
-3900000,-3850000,700000,750000
-3900000,-3850000,750000,800000
-3900000,-3850000,800000,850000
-3900000,-3850000,850000,900000
-3900000,-3850000,900000,950000
-3900000,-3850000,950000,1000000
-3900000,-3850000,1000000,1050000
-3900000,-3850000,1050000,1100000
-3900000,-3850000,1100000,1150000
-3900000,-3850000,1150000,1200000
-3900000,-3850000,1200000,1250000
-3900000,-3850000,1250000,1300000
-3900000,-3850000,1300000,1350000
-3900000,-3850000,1350000,1400000
-3900000,-3850000,1400000,1450000
-3900000,-3850000,1450000,1500000
-3900000,-3850000,1500000,1550000
-3900000,-3850000,1550000,1600000
-3850000,-3800000,-700000,-650000
-3850000,-3800000,-650000,-600000
-3850000,-3800000,-600000,-550000
-3850000,-3800000,-550000,-500000
-3850000,-3800000,-500000,-450000
-3850000,-3800000,-450000,-400000
-3850000,-3800000,-400000,-350000
-3850000,-3800000,-350000,-300000
-3850000,-3800000,-300000,-250000
-3850000,-3800000,-250000,-200000
-3850000,-3800000,-200000,-150000
-3850000,-3800000,-150000,-100000
-3850000,-3800000,-100000,-50000
-3850000,-3800000,-50000,0
-3850000,-3800000,0,50000
-3850000,-3800000,50000,100000
-3850000,-3800000,100000,150000
-3850000,-3800000,150000,200000
-3850000,-3800000,200000,250000
-3850000,-3800000,250000,300000
-3850000,-3800000,300000,350000
-3850000,-3800000,350000,400000
-3850000,-3800000,400000,450000
-3850000,-3800000,450000,500000
-3850000,-3800000,500000,550000
-3850000,-3800000,550000,600000
-3850000,-3800000,600000,650000
-3850000,-3800000,650000,700000
-3850000,-3800000,700000,750000
-3850000,-3800000,750000,800000
-3850000,-3800000,800000,850000
-3850000,-3800000,850000,900000
-3850000,-3800000,900000,950000
-3850000,-3800000,950000,1000000
-3850000,-3800000,1000000,1050000
-3850000,-3800000,1050000,1100000
-3850000,-3800000,1100000,1150000
-3850000,-3800000,1150000,1200000
-3850000,-3800000,1200000,1250000
-3850000,-3800000,1250000,1300000
-3850000,-3800000,1300000,1350000
-3850000,-3800000,1350000,1400000
-3850000,-3800000,1400000,1450000
-3850000,-3800000,1450000,1500000
-3850000,-3800000,1500000,1550000
-3850000,-3800000,1550000,1600000
-3800000,-3750000,-700000,-650000
-3800000,-3750000,-650000,-600000
-3800000,-3750000,-600000,-550000
-3800000,-3750000,-550000,-500000
-3800000,-3750000,-500000,-450000
-3800000,-3750000,-450000,-400000
-3800000,-3750000,-400000,-350000
-3800000,-3750000,-350000,-300000
-3800000,-3750000,-300000,-250000
-3800000,-3750000,-250000,-200000
-3800000,-3750000,-200000,-150000
-3800000,-3750000,-150000,-100000
-3800000,-3750000,-100000,-50000
-3800000,-3750000,-50000,0
-3800000,-3750000,0,50000
-3800000,-3750000,50000,100000
-3800000,-3750000,100000,150000
-3800000,-3750000,150000,200000
-3800000,-3750000,200000,250000
-3800000,-3750000,250000,300000
-3800000,-3750000,300000,350000
-3800000,-3750000,350000,400000
-3800000,-3750000,400000,450000
-3800000,-3750000,450000,500000
-3800000,-3750000,500000,550000
-3800000,-3750000,550000,600000
-3800000,-3750000,600000,650000
-3800000,-3750000,650000,700000
-3800000,-3750000,700000,750000
-3800000,-3750000,750000,800000
-3800000,-3750000,800000,850000
-3800000,-3750000,850000,900000
-3800000,-3750000,900000,950000
-3800000,-3750000,950000,1000000
-3800000,-3750000,1000000,1050000
-3800000,-3750000,1050000,1100000
-3800000,-3750000,1100000,1150000
-3800000,-3750000,1150000,1200000
-3800000,-3750000,1200000,1250000
-3800000,-3750000,1250000,1300000
-3800000,-3750000,1300000,1350000
-3800000,-3750000,1350000,1400000
-3800000,-3750000,1400000,1450000
-3800000,-3750000,1450000,1500000
-3800000,-3750000,1500000,1550000
-3800000,-3750000,1550000,1600000
-3750000,-3700000,-700000,-650000
-3750000,-3700000,-650000,-600000
-3750000,-3700000,-600000,-550000
-3750000,-3700000,-550000,-500000
-3750000,-3700000,-500000,-450000
-3750000,-3700000,-450000,-400000
-3750000,-3700000,-400000,-350000
-3750000,-3700000,-350000,-300000
-3750000,-3700000,-300000,-250000
-3750000,-3700000,-250000,-200000
-3750000,-3700000,-200000,-150000
-3750000,-3700000,-150000,-100000
-3750000,-3700000,-100000,-50000
-3750000,-3700000,-50000,0
-3750000,-3700000,0,50000
-3750000,-3700000,50000,100000
-3750000,-3700000,100000,150000
-3750000,-3700000,150000,200000
-3750000,-3700000,200000,250000
-3750000,-3700000,250000,300000
-3750000,-3700000,300000,350000
-3750000,-3700000,350000,400000
-3750000,-3700000,400000,450000
-3750000,-3700000,450000,500000
-3750000,-3700000,500000,550000
-3750000,-3700000,550000,600000
-3750000,-3700000,600000,650000
-3750000,-3700000,650000,700000
-3750000,-3700000,700000,750000
-3750000,-3700000,750000,800000
-3750000,-3700000,800000,850000
-3750000,-3700000,850000,900000
-3750000,-3700000,900000,950000
-3750000,-3700000,950000,1000000
-3750000,-3700000,1000000,1050000
-3750000,-3700000,1050000,1100000
-3750000,-3700000,1100000,1150000
-3750000,-3700000,1150000,1200000
-3750000,-3700000,1200000,1250000
-3750000,-3700000,1250000,1300000
-3750000,-3700000,1300000,1350000
-3750000,-3700000,1350000,1400000
-3750000,-3700000,1400000,1450000
-3750000,-3700000,1450000,1500000
-3750000,-3700000,1500000,1550000
-3750000,-3700000,1550000,1600000
-3700000,-3650000,-700000,-650000
-3700000,-3650000,-650000,-600000
-3700000,-3650000,-600000,-550000
-3700000,-3650000,-550000,-500000
-3700000,-3650000,-500000,-450000
-3700000,-3650000,-450000,-400000
-3700000,-3650000,-400000,-350000
-3700000,-3650000,-350000,-300000
-3700000,-3650000,-300000,-250000
-3700000,-3650000,-250000,-200000
-3700000,-3650000,-200000,-150000
-3700000,-3650000,-150000,-100000
-3700000,-3650000,-100000,-50000
-3700000,-3650000,-50000,0
-3700000,-3650000,0,50000
-3700000,-3650000,50000,100000
-3700000,-3650000,100000,150000
-3700000,-3650000,150000,200000
-3700000,-3650000,200000,250000
-3700000,-3650000,250000,300000
-3700000,-3650000,300000,350000
-3700000,-3650000,350000,400000
-3700000,-3650000,400000,450000
-3700000,-3650000,450000,500000
-3700000,-3650000,500000,550000
-3700000,-3650000,550000,600000
-3700000,-3650000,600000,650000
-3700000,-3650000,650000,700000
-3700000,-3650000,700000,750000
-3700000,-3650000,750000,800000
-3700000,-3650000,800000,850000
-3700000,-3650000,850000,900000
-3700000,-3650000,900000,950000
-3700000,-3650000,950000,1000000
-3700000,-3650000,1000000,1050000
-3700000,-3650000,1050000,1100000
-3700000,-3650000,1100000,1150000
-3700000,-3650000,1150000,1200000
-3700000,-3650000,1200000,1250000
-3700000,-3650000,1250000,1300000
-3700000,-3650000,1300000,1350000
-3700000,-3650000,1350000,1400000
-3700000,-3650000,1400000,1450000
-3700000,-3650000,1450000,1500000
-3700000,-3650000,1500000,1550000
-3700000,-3650000,1550000,1600000
-3650000,-3600000,-700000,-650000
-3650000,-3600000,-650000,-600000
-3650000,-3600000,-600000,-550000
-3650000,-3600000,-550000,-500000
-3650000,-3600000,-500000,-450000
-3650000,-3600000,-450000,-400000
-3650000,-3600000,-400000,-350000
-3650000,-3600000,-350000,-300000
-3650000,-3600000,-300000,-250000
-3650000,-3600000,-250000,-200000
-3650000,-3600000,-200000,-150000
-3650000,-3600000,-150000,-100000
-3650000,-3600000,-100000,-50000
-3650000,-3600000,-50000,0
-3650000,-3600000,0,50000
-3650000,-3600000,50000,100000
-3650000,-3600000,100000,150000
-3650000,-3600000,150000,200000
-3650000,-3600000,200000,250000
-3650000,-3600000,250000,300000
-3650000,-3600000,300000,350000
-3650000,-3600000,350000,400000
-3650000,-3600000,400000,450000
-3650000,-3600000,450000,500000
-3650000,-3600000,500000,550000
-3650000,-3600000,550000,600000
-3650000,-3600000,600000,650000
-3650000,-3600000,650000,700000
-3650000,-3600000,700000,750000
-3650000,-3600000,750000,800000
-3650000,-3600000,800000,850000
-3650000,-3600000,850000,900000
-3650000,-3600000,900000,950000
-3650000,-3600000,950000,1000000
-3650000,-3600000,1000000,1050000
-3650000,-3600000,1050000,1100000
-3650000,-3600000,1100000,1150000
-3650000,-3600000,1150000,1200000
-3650000,-3600000,1200000,1250000
-3650000,-3600000,1250000,1300000
-3650000,-3600000,1300000,1350000
-3650000,-3600000,1350000,1400000
-3650000,-3600000,1400000,1450000
-3650000,-3600000,1450000,1500000
-3650000,-3600000,1500000,1550000
-3650000,-3600000,1550000,1600000
-3600000,-3550000,-700000,-650000
-3600000,-3550000,-650000,-600000
-3600000,-3550000,-600000,-550000
-3600000,-3550000,-550000,-500000
-3600000,-3550000,-500000,-450000
-3600000,-3550000,-450000,-400000
-3600000,-3550000,-400000,-350000
-3600000,-3550000,-350000,-300000
-3600000,-3550000,-300000,-250000
-3600000,-3550000,-250000,-200000
-3600000,-3550000,-200000,-150000
-3600000,-3550000,-150000,-100000
-3600000,-3550000,-100000,-50000
-3600000,-3550000,-50000,0
-3600000,-3550000,0,50000
-3600000,-3550000,50000,100000
-3600000,-3550000,100000,150000
-3600000,-3550000,150000,200000
-3600000,-3550000,200000,250000
-3600000,-3550000,250000,300000
-3600000,-3550000,300000,350000
-3600000,-3550000,350000,400000
-3600000,-3550000,400000,450000
-3600000,-3550000,450000,500000
-3600000,-3550000,500000,550000
-3600000,-3550000,550000,600000
-3600000,-3550000,600000,650000
-3600000,-3550000,650000,700000
-3600000,-3550000,700000,750000
-3600000,-3550000,750000,800000
-3600000,-3550000,800000,850000
-3600000,-3550000,850000,900000
-3600000,-3550000,900000,950000
-3600000,-3550000,950000,1000000
-3600000,-3550000,1000000,1050000
-3600000,-3550000,1050000,1100000
-3600000,-3550000,1100000,1150000
-3600000,-3550000,1150000,1200000
-3600000,-3550000,1200000,1250000
-3600000,-3550000,1250000,1300000
-3600000,-3550000,1300000,1350000
-3600000,-3550000,1350000,1400000
-3600000,-3550000,1400000,1450000
-3600000,-3550000,1450000,1500000
-3600000,-3550000,1500000,1550000
-3600000,-3550000,1550000,1600000
-3550000,-3500000,-700000,-650000
-3550000,-3500000,-650000,-600000
-3550000,-3500000,-600000,-550000
-3550000,-3500000,-550000,-500000
-3550000,-3500000,-500000,-450000
-3550000,-3500000,-450000,-400000
-3550000,-3500000,-400000,-350000
-3550000,-3500000,-350000,-300000
-3550000,-3500000,-300000,-250000
-3550000,-3500000,-250000,-200000
-3550000,-3500000,-200000,-150000
-3550000,-3500000,-150000,-100000
-3550000,-3500000,-100000,-50000
-3550000,-3500000,-50000,0
-3550000,-3500000,0,50000
-3550000,-3500000,50000,100000
-3550000,-3500000,100000,150000
-3550000,-3500000,150000,200000
-3550000,-3500000,200000,250000
-3550000,-3500000,250000,300000
-3550000,-3500000,300000,350000
-3550000,-3500000,350000,400000
-3550000,-3500000,400000,450000
-3550000,-3500000,450000,500000
-3550000,-3500000,500000,550000
-3550000,-3500000,550000,600000
-3550000,-3500000,600000,650000
-3550000,-3500000,650000,700000
-3550000,-3500000,700000,750000
-3550000,-3500000,750000,800000
-3550000,-3500000,800000,850000
-3550000,-3500000,850000,900000
-3550000,-3500000,900000,950000
-3550000,-3500000,950000,1000000
-3550000,-3500000,1000000,1050000
-3550000,-3500000,1050000,1100000
-3550000,-3500000,1100000,1150000
-3550000,-3500000,1150000,1200000
-3550000,-3500000,1200000,1250000
-3550000,-3500000,1250000,1300000
-3550000,-3500000,1300000,1350000
-3550000,-3500000,1350000,1400000
-3550000,-3500000,1400000,1450000
-3550000,-3500000,1450000,1500000
-3550000,-3500000,1500000,1550000
-3550000,-3500000,1550000,1600000
-3500000,-3450000,-700000,-650000
-3500000,-3450000,-650000,-600000
-3500000,-3450000,-600000,-550000
-3500000,-3450000,-550000,-500000
-3500000,-3450000,-500000,-450000
-3500000,-3450000,-450000,-400000
-3500000,-3450000,-400000,-350000
-3500000,-3450000,-350000,-300000
-3500000,-3450000,-300000,-250000
-3500000,-3450000,-250000,-200000
-3500000,-3450000,-200000,-150000
-3500000,-3450000,-150000,-100000
-3500000,-3450000,-100000,-50000
-3500000,-3450000,-50000,0
-3500000,-3450000,0,50000
-3500000,-3450000,50000,100000
-3500000,-3450000,100000,150000
-3500000,-3450000,150000,200000
-3500000,-3450000,200000,250000
-3500000,-3450000,250000,300000
-3500000,-3450000,300000,350000
-3500000,-3450000,350000,400000
-3500000,-3450000,400000,450000
-3500000,-3450000,450000,500000
-3500000,-3450000,500000,550000
-3500000,-3450000,550000,600000
-3500000,-3450000,600000,650000
-3500000,-3450000,650000,700000
-3500000,-3450000,700000,750000
-3500000,-3450000,750000,800000
-3500000,-3450000,800000,850000
-3500000,-3450000,850000,900000
-3500000,-3450000,900000,950000
-3500000,-3450000,950000,1000000
-3500000,-3450000,1000000,1050000
-3500000,-3450000,1050000,1100000
-3500000,-3450000,1100000,1150000
-3500000,-3450000,1150000,1200000
-3500000,-3450000,1200000,1250000
-3500000,-3450000,1250000,1300000
-3500000,-3450000,1300000,1350000
-3500000,-3450000,1350000,1400000
-3500000,-3450000,1400000,1450000
-3500000,-3450000,1450000,1500000
-3500000,-3450000,1500000,1550000
-3500000,-3450000,1550000,1600000
-3450000,-3400000,-700000,-650000
-3450000,-3400000,-650000,-600000
-3450000,-3400000,-600000,-550000
-3450000,-3400000,-550000,-500000
-3450000,-3400000,-500000,-450000
-3450000,-3400000,-450000,-400000
-3450000,-3400000,-400000,-350000
-3450000,-3400000,-350000,-300000
-3450000,-3400000,-300000,-250000
-3450000,-3400000,-250000,-200000
-3450000,-3400000,-200000,-150000
-3450000,-3400000,-150000,-100000
-3450000,-3400000,-100000,-50000
-3450000,-3400000,-50000,0
-3450000,-3400000,0,50000
-3450000,-3400000,50000,100000
-3450000,-3400000,100000,150000
-3450000,-3400000,150000,200000
-3450000,-3400000,200000,250000
-3450000,-3400000,250000,300000
-3450000,-3400000,300000,350000
-3450000,-3400000,350000,400000
-3450000,-3400000,400000,450000
-3450000,-3400000,450000,500000
-3450000,-3400000,500000,550000
-3450000,-3400000,550000,600000
-3450000,-3400000,600000,650000
-3450000,-3400000,650000,700000
-3450000,-3400000,700000,750000
-3450000,-3400000,750000,800000
-3450000,-3400000,800000,850000
-3450000,-3400000,850000,900000
-3450000,-3400000,900000,950000
-3450000,-3400000,950000,1000000
-3450000,-3400000,1000000,1050000
-3450000,-3400000,1050000,1100000
-3450000,-3400000,1100000,1150000
-3450000,-3400000,1150000,1200000
-3450000,-3400000,1200000,1250000
-3450000,-3400000,1250000,1300000
-3450000,-3400000,1300000,1350000
-3450000,-3400000,1350000,1400000
-3450000,-3400000,1400000,1450000
-3450000,-3400000,1450000,1500000
-3450000,-3400000,1500000,1550000
-3450000,-3400000,1550000,1600000
-3400000,-3350000,-700000,-650000
-3400000,-3350000,-650000,-600000
-3400000,-3350000,-600000,-550000
-3400000,-3350000,-550000,-500000
-3400000,-3350000,-500000,-450000
-3400000,-3350000,-450000,-400000
-3400000,-3350000,-400000,-350000
-3400000,-3350000,-350000,-300000
-3400000,-3350000,-300000,-250000
-3400000,-3350000,-250000,-200000
-3400000,-3350000,-200000,-150000
-3400000,-3350000,-150000,-100000
-3400000,-3350000,-100000,-50000
-3400000,-3350000,-50000,0
-3400000,-3350000,0,50000
-3400000,-3350000,50000,100000
-3400000,-3350000,100000,150000
-3400000,-3350000,150000,200000
-3400000,-3350000,200000,250000
-3400000,-3350000,250000,300000
-3400000,-3350000,300000,350000
-3400000,-3350000,350000,400000
-3400000,-3350000,400000,450000
-3400000,-3350000,450000,500000
-3400000,-3350000,500000,550000
-3400000,-3350000,550000,600000
-3400000,-3350000,600000,650000
-3400000,-3350000,650000,700000
-3400000,-3350000,700000,750000
-3400000,-3350000,750000,800000
-3400000,-3350000,800000,850000
-3400000,-3350000,850000,900000
-3400000,-3350000,900000,950000
-3400000,-3350000,950000,1000000
-3400000,-3350000,1000000,1050000
-3400000,-3350000,1050000,1100000
-3400000,-3350000,1100000,1150000
-3400000,-3350000,1150000,1200000
-3400000,-3350000,1200000,1250000
-3400000,-3350000,1250000,1300000
-3400000,-3350000,1300000,1350000
-3400000,-3350000,1350000,1400000
-3400000,-3350000,1400000,1450000
-3400000,-3350000,1450000,1500000
-3400000,-3350000,1500000,1550000
-3400000,-3350000,1550000,1600000
-3350000,-3300000,-700000,-650000
-3350000,-3300000,-650000,-600000
-3350000,-3300000,-600000,-550000
-3350000,-3300000,-550000,-500000
-3350000,-3300000,-500000,-450000
-3350000,-3300000,-450000,-400000
-3350000,-3300000,-400000,-350000
-3350000,-3300000,-350000,-300000
-3350000,-3300000,-300000,-250000
-3350000,-3300000,-250000,-200000
-3350000,-3300000,-200000,-150000
-3350000,-3300000,-150000,-100000
-3350000,-3300000,-100000,-50000
-3350000,-3300000,-50000,0
-3350000,-3300000,0,50000
-3350000,-3300000,50000,100000
-3350000,-3300000,100000,150000
-3350000,-3300000,150000,200000
-3350000,-3300000,200000,250000
-3350000,-3300000,250000,300000
-3350000,-3300000,300000,350000
-3350000,-3300000,350000,400000
-3350000,-3300000,400000,450000
-3350000,-3300000,450000,500000
-3350000,-3300000,500000,550000
-3350000,-3300000,550000,600000
-3350000,-3300000,600000,650000
-3350000,-3300000,650000,700000
-3350000,-3300000,700000,750000
-3350000,-3300000,750000,800000
-3350000,-3300000,800000,850000
-3350000,-3300000,850000,900000
-3350000,-3300000,900000,950000
-3350000,-3300000,950000,1000000
-3350000,-3300000,1000000,1050000
-3350000,-3300000,1050000,1100000
-3350000,-3300000,1100000,1150000
-3350000,-3300000,1150000,1200000
-3350000,-3300000,1200000,1250000
-3350000,-3300000,1250000,1300000
-3350000,-3300000,1300000,1350000
-3350000,-3300000,1350000,1400000
-3350000,-3300000,1400000,1450000
-3350000,-3300000,1450000,1500000
-3350000,-3300000,1500000,1550000
-3350000,-3300000,1550000,1600000
-3300000,-3250000,-700000,-650000
-3300000,-3250000,-650000,-600000
-3300000,-3250000,-600000,-550000
-3300000,-3250000,-550000,-500000
-3300000,-3250000,-500000,-450000
-3300000,-3250000,-450000,-400000
-3300000,-3250000,-400000,-350000
-3300000,-3250000,-350000,-300000
-3300000,-3250000,-300000,-250000
-3300000,-3250000,-250000,-200000
-3300000,-3250000,-200000,-150000
-3300000,-3250000,-150000,-100000
-3300000,-3250000,-100000,-50000
-3300000,-3250000,-50000,0
-3300000,-3250000,0,50000
-3300000,-3250000,50000,100000
-3300000,-3250000,100000,150000
-3300000,-3250000,150000,200000
-3300000,-3250000,200000,250000
-3300000,-3250000,250000,300000
-3300000,-3250000,300000,350000
-3300000,-3250000,350000,400000
-3300000,-3250000,400000,450000
-3300000,-3250000,450000,500000
-3300000,-3250000,500000,550000
-3300000,-3250000,550000,600000
-3300000,-3250000,600000,650000
-3300000,-3250000,650000,700000
-3300000,-3250000,700000,750000
-3300000,-3250000,750000,800000
-3300000,-3250000,800000,850000
-3300000,-3250000,850000,900000
-3300000,-3250000,900000,950000
-3300000,-3250000,950000,1000000
-3300000,-3250000,1000000,1050000
-3300000,-3250000,1050000,1100000
-3300000,-3250000,1100000,1150000
-3300000,-3250000,1150000,1200000
-3300000,-3250000,1200000,1250000
-3300000,-3250000,1250000,1300000
-3300000,-3250000,1300000,1350000
-3300000,-3250000,1350000,1400000
-3300000,-3250000,1400000,1450000
-3300000,-3250000,1450000,1500000
-3300000,-3250000,1500000,1550000
-3300000,-3250000,1550000,1600000
-3250000,-3200000,-700000,-650000
-3250000,-3200000,-650000,-600000
-3250000,-3200000,-600000,-550000
-3250000,-3200000,-550000,-500000
-3250000,-3200000,-500000,-450000
-3250000,-3200000,-450000,-400000
-3250000,-3200000,-400000,-350000
-3250000,-3200000,-350000,-300000
-3250000,-3200000,-300000,-250000
-3250000,-3200000,-250000,-200000
-3250000,-3200000,-200000,-150000
-3250000,-3200000,-150000,-100000
-3250000,-3200000,-100000,-50000
-3250000,-3200000,-50000,0
-3250000,-3200000,0,50000
-3250000,-3200000,50000,100000
-3250000,-3200000,100000,150000
-3250000,-3200000,150000,200000
-3250000,-3200000,200000,250000
-3250000,-3200000,250000,300000
-3250000,-3200000,300000,350000
-3250000,-3200000,350000,400000
-3250000,-3200000,400000,450000
-3250000,-3200000,450000,500000
-3250000,-3200000,500000,550000
-3250000,-3200000,550000,600000
-3250000,-3200000,600000,650000
-3250000,-3200000,650000,700000
-3250000,-3200000,700000,750000
-3250000,-3200000,750000,800000
-3250000,-3200000,800000,850000
-3250000,-3200000,850000,900000
-3250000,-3200000,900000,950000
-3250000,-3200000,950000,1000000
-3250000,-3200000,1000000,1050000
-3250000,-3200000,1050000,1100000
-3250000,-3200000,1100000,1150000
-3250000,-3200000,1150000,1200000
-3250000,-3200000,1200000,1250000
-3250000,-3200000,1250000,1300000
-3250000,-3200000,1300000,1350000
-3250000,-3200000,1350000,1400000
-3250000,-3200000,1400000,1450000
-3250000,-3200000,1450000,1500000
-3250000,-3200000,1500000,1550000
-3250000,-3200000,1550000,1600000
-3200000,-3150000,-700000,-650000
-3200000,-3150000,-650000,-600000
-3200000,-3150000,-600000,-550000
-3200000,-3150000,-550000,-500000
-3200000,-3150000,-500000,-450000
-3200000,-3150000,-450000,-400000
-3200000,-3150000,-400000,-350000
-3200000,-3150000,-350000,-300000
-3200000,-3150000,-300000,-250000
-3200000,-3150000,-250000,-200000
-3200000,-3150000,-200000,-150000
-3200000,-3150000,-150000,-100000
-3200000,-3150000,-100000,-50000
-3200000,-3150000,-50000,0
-3200000,-3150000,0,50000
-3200000,-3150000,50000,100000
-3200000,-3150000,100000,150000
-3200000,-3150000,150000,200000
-3200000,-3150000,200000,250000
-3200000,-3150000,250000,300000
-3200000,-3150000,300000,350000
-3200000,-3150000,350000,400000
-3200000,-3150000,400000,450000
-3200000,-3150000,450000,500000
-3200000,-3150000,500000,550000
-3200000,-3150000,550000,600000
-3200000,-3150000,600000,650000
-3200000,-3150000,650000,700000
-3200000,-3150000,700000,750000
-3200000,-3150000,750000,800000
-3200000,-3150000,800000,850000
-3200000,-3150000,850000,900000
-3200000,-3150000,900000,950000
-3200000,-3150000,950000,1000000
-3200000,-3150000,1000000,1050000
-3200000,-3150000,1050000,1100000
-3200000,-3150000,1100000,1150000
-3200000,-3150000,1150000,1200000
-3200000,-3150000,1200000,1250000
-3200000,-3150000,1250000,1300000
-3200000,-3150000,1300000,1350000
-3200000,-3150000,1350000,1400000
-3200000,-3150000,1400000,1450000
-3200000,-3150000,1450000,1500000
-3200000,-3150000,1500000,1550000
-3200000,-3150000,1550000,1600000
-3150000,-3100000,-700000,-650000
-3150000,-3100000,-650000,-600000
-3150000,-3100000,-600000,-550000
-3150000,-3100000,-550000,-500000
-3150000,-3100000,-500000,-450000
-3150000,-3100000,-450000,-400000
-3150000,-3100000,-400000,-350000
-3150000,-3100000,-350000,-300000
-3150000,-3100000,-300000,-250000
-3150000,-3100000,-250000,-200000
-3150000,-3100000,-200000,-150000
-3150000,-3100000,-150000,-100000
-3150000,-3100000,-100000,-50000
-3150000,-3100000,-50000,0
-3150000,-3100000,0,50000
-3150000,-3100000,50000,100000
-3150000,-3100000,100000,150000
-3150000,-3100000,150000,200000
-3150000,-3100000,200000,250000
-3150000,-3100000,250000,300000
-3150000,-3100000,300000,350000
-3150000,-3100000,350000,400000
-3150000,-3100000,400000,450000
-3150000,-3100000,450000,500000
-3150000,-3100000,500000,550000
-3150000,-3100000,550000,600000
-3150000,-3100000,600000,650000
-3150000,-3100000,650000,700000
-3150000,-3100000,700000,750000
-3150000,-3100000,750000,800000
-3150000,-3100000,800000,850000
-3150000,-3100000,850000,900000
-3150000,-3100000,900000,950000
-3150000,-3100000,950000,1000000
-3150000,-3100000,1000000,1050000
-3150000,-3100000,1050000,1100000
-3150000,-3100000,1100000,1150000
-3150000,-3100000,1150000,1200000
-3150000,-3100000,1200000,1250000
-3150000,-3100000,1250000,1300000
-3150000,-3100000,1300000,1350000
-3150000,-3100000,1350000,1400000
-3150000,-3100000,1400000,1450000
-3150000,-3100000,1450000,1500000
-3150000,-3100000,1500000,1550000
-3150000,-3100000,1550000,1600000
-3100000,-3050000,-700000,-650000
-3100000,-3050000,-650000,-600000
-3100000,-3050000,-600000,-550000
-3100000,-3050000,-550000,-500000
-3100000,-3050000,-500000,-450000
-3100000,-3050000,-450000,-400000
-3100000,-3050000,-400000,-350000
-3100000,-3050000,-350000,-300000
-3100000,-3050000,-300000,-250000
-3100000,-3050000,-250000,-200000
-3100000,-3050000,-200000,-150000
-3100000,-3050000,-150000,-100000
-3100000,-3050000,-100000,-50000
-3100000,-3050000,-50000,0
-3100000,-3050000,0,50000
-3100000,-3050000,50000,100000
-3100000,-3050000,100000,150000
-3100000,-3050000,150000,200000
-3100000,-3050000,200000,250000
-3100000,-3050000,250000,300000
-3100000,-3050000,300000,350000
-3100000,-3050000,350000,400000
-3100000,-3050000,400000,450000
-3100000,-3050000,450000,500000
-3100000,-3050000,500000,550000
-3100000,-3050000,550000,600000
-3100000,-3050000,600000,650000
-3100000,-3050000,650000,700000
-3100000,-3050000,700000,750000
-3100000,-3050000,750000,800000
-3100000,-3050000,800000,850000
-3100000,-3050000,850000,900000
-3100000,-3050000,900000,950000
-3100000,-3050000,950000,1000000
-3100000,-3050000,1000000,1050000
-3100000,-3050000,1050000,1100000
-3100000,-3050000,1100000,1150000
-3100000,-3050000,1150000,1200000
-3100000,-3050000,1200000,1250000
-3100000,-3050000,1250000,1300000
-3100000,-3050000,1300000,1350000
-3100000,-3050000,1350000,1400000
-3100000,-3050000,1400000,1450000
-3100000,-3050000,1450000,1500000
-3100000,-3050000,1500000,1550000
-3100000,-3050000,1550000,1600000
-3050000,-3000000,-700000,-650000
-3050000,-3000000,-650000,-600000
-3050000,-3000000,-600000,-550000
-3050000,-3000000,-550000,-500000
-3050000,-3000000,-500000,-450000
-3050000,-3000000,-450000,-400000
-3050000,-3000000,-400000,-350000
-3050000,-3000000,-350000,-300000
-3050000,-3000000,-300000,-250000
-3050000,-3000000,-250000,-200000
-3050000,-3000000,-200000,-150000
-3050000,-3000000,-150000,-100000
-3050000,-3000000,-100000,-50000
-3050000,-3000000,-50000,0
-3050000,-3000000,0,50000
-3050000,-3000000,50000,100000
-3050000,-3000000,100000,150000
-3050000,-3000000,150000,200000
-3050000,-3000000,200000,250000
-3050000,-3000000,250000,300000
-3050000,-3000000,300000,350000
-3050000,-3000000,350000,400000
-3050000,-3000000,400000,450000
-3050000,-3000000,450000,500000
-3050000,-3000000,500000,550000
-3050000,-3000000,550000,600000
-3050000,-3000000,600000,650000
-3050000,-3000000,650000,700000
-3050000,-3000000,700000,750000
-3050000,-3000000,750000,800000
-3050000,-3000000,800000,850000
-3050000,-3000000,850000,900000
-3050000,-3000000,900000,950000
-3050000,-3000000,950000,1000000
-3050000,-3000000,1000000,1050000
-3050000,-3000000,1050000,1100000
-3050000,-3000000,1100000,1150000
-3050000,-3000000,1150000,1200000
-3050000,-3000000,1200000,1250000
-3050000,-3000000,1250000,1300000
-3050000,-3000000,1300000,1350000
-3050000,-3000000,1350000,1400000
-3050000,-3000000,1400000,1450000
-3050000,-3000000,1450000,1500000
-3050000,-3000000,1500000,1550000
-3050000,-3000000,1550000,1600000
-3000000,-2950000,-700000,-650000
-3000000,-2950000,-650000,-600000
-3000000,-2950000,-600000,-550000
-3000000,-2950000,-550000,-500000
-3000000,-2950000,-500000,-450000
-3000000,-2950000,-450000,-400000
-3000000,-2950000,-400000,-350000
-3000000,-2950000,-350000,-300000
-3000000,-2950000,-300000,-250000
-3000000,-2950000,-250000,-200000
-3000000,-2950000,-200000,-150000
-3000000,-2950000,-150000,-100000
-3000000,-2950000,-100000,-50000
-3000000,-2950000,-50000,0
-3000000,-2950000,0,50000
-3000000,-2950000,50000,100000
-3000000,-2950000,100000,150000
-3000000,-2950000,150000,200000
-3000000,-2950000,200000,250000
-3000000,-2950000,250000,300000
-3000000,-2950000,300000,350000
-3000000,-2950000,350000,400000
-3000000,-2950000,400000,450000
-3000000,-2950000,450000,500000
-3000000,-2950000,500000,550000
-3000000,-2950000,550000,600000
-3000000,-2950000,600000,650000
-3000000,-2950000,650000,700000
-3000000,-2950000,700000,750000
-3000000,-2950000,750000,800000
-3000000,-2950000,800000,850000
-3000000,-2950000,850000,900000
-3000000,-2950000,900000,950000
-3000000,-2950000,950000,1000000
-3000000,-2950000,1000000,1050000
-3000000,-2950000,1050000,1100000
-3000000,-2950000,1100000,1150000
-3000000,-2950000,1150000,1200000
-3000000,-2950000,1200000,1250000
-3000000,-2950000,1250000,1300000
-3000000,-2950000,1300000,1350000
-3000000,-2950000,1350000,1400000
-3000000,-2950000,1400000,1450000
-3000000,-2950000,1450000,1500000
-3000000,-2950000,1500000,1550000
-3000000,-2950000,1550000,1600000
-2950000,-2900000,-700000,-650000
-2950000,-2900000,-650000,-600000
-2950000,-2900000,-600000,-550000
-2950000,-2900000,-550000,-500000
-2950000,-2900000,-500000,-450000
-2950000,-2900000,-450000,-400000
-2950000,-2900000,-400000,-350000
-2950000,-2900000,-350000,-300000
-2950000,-2900000,-300000,-250000
-2950000,-2900000,-250000,-200000
-2950000,-2900000,-200000,-150000
-2950000,-2900000,-150000,-100000
-2950000,-2900000,-100000,-50000
-2950000,-2900000,-50000,0
-2950000,-2900000,0,50000
-2950000,-2900000,50000,100000
-2950000,-2900000,100000,150000
-2950000,-2900000,150000,200000
-2950000,-2900000,200000,250000
-2950000,-2900000,250000,300000
-2950000,-2900000,300000,350000
-2950000,-2900000,350000,400000
-2950000,-2900000,400000,450000
-2950000,-2900000,450000,500000
-2950000,-2900000,500000,550000
-2950000,-2900000,550000,600000
-2950000,-2900000,600000,650000
-2950000,-2900000,650000,700000
-2950000,-2900000,700000,750000
-2950000,-2900000,750000,800000
-2950000,-2900000,800000,850000
-2950000,-2900000,850000,900000
-2950000,-2900000,900000,950000
-2950000,-2900000,950000,1000000
-2950000,-2900000,1000000,1050000
-2950000,-2900000,1050000,1100000
-2950000,-2900000,1100000,1150000
-2950000,-2900000,1150000,1200000
-2950000,-2900000,1200000,1250000
-2950000,-2900000,1250000,1300000
-2950000,-2900000,1300000,1350000
-2950000,-2900000,1350000,1400000
-2950000,-2900000,1400000,1450000
-2950000,-2900000,1450000,1500000
-2950000,-2900000,1500000,1550000
-2950000,-2900000,1550000,1600000
-2900000,-2850000,-700000,-650000
-2900000,-2850000,-650000,-600000
-2900000,-2850000,-600000,-550000
-2900000,-2850000,-550000,-500000
-2900000,-2850000,-500000,-450000
-2900000,-2850000,-450000,-400000
-2900000,-2850000,-400000,-350000
-2900000,-2850000,-350000,-300000
-2900000,-2850000,-300000,-250000
-2900000,-2850000,-250000,-200000
-2900000,-2850000,-200000,-150000
-2900000,-2850000,-150000,-100000
-2900000,-2850000,-100000,-50000
-2900000,-2850000,-50000,0
-2900000,-2850000,0,50000
-2900000,-2850000,50000,100000
-2900000,-2850000,100000,150000
-2900000,-2850000,150000,200000
-2900000,-2850000,200000,250000
-2900000,-2850000,250000,300000
-2900000,-2850000,300000,350000
-2900000,-2850000,350000,400000
-2900000,-2850000,400000,450000
-2900000,-2850000,450000,500000
-2900000,-2850000,500000,550000
-2900000,-2850000,550000,600000
-2900000,-2850000,600000,650000
-2900000,-2850000,650000,700000
-2900000,-2850000,700000,750000
-2900000,-2850000,750000,800000
-2900000,-2850000,800000,850000
-2900000,-2850000,850000,900000
-2900000,-2850000,900000,950000
-2900000,-2850000,950000,1000000
-2900000,-2850000,1000000,1050000
-2900000,-2850000,1050000,1100000
-2900000,-2850000,1100000,1150000
-2900000,-2850000,1150000,1200000
-2900000,-2850000,1200000,1250000
-2900000,-2850000,1250000,1300000
-2900000,-2850000,1300000,1350000
-2900000,-2850000,1350000,1400000
-2900000,-2850000,1400000,1450000
-2900000,-2850000,1450000,1500000
-2900000,-2850000,1500000,1550000
-2900000,-2850000,1550000,1600000
-2850000,-2800000,-700000,-650000
-2850000,-2800000,-650000,-600000
-2850000,-2800000,-600000,-550000
-2850000,-2800000,-550000,-500000
-2850000,-2800000,-500000,-450000
-2850000,-2800000,-450000,-400000
-2850000,-2800000,-400000,-350000
-2850000,-2800000,-350000,-300000
-2850000,-2800000,-300000,-250000
-2850000,-2800000,-250000,-200000
-2850000,-2800000,-200000,-150000
-2850000,-2800000,-150000,-100000
-2850000,-2800000,-100000,-50000
-2850000,-2800000,-50000,0
-2850000,-2800000,0,50000
-2850000,-2800000,50000,100000
-2850000,-2800000,100000,150000
-2850000,-2800000,150000,200000
-2850000,-2800000,200000,250000
-2850000,-2800000,250000,300000
-2850000,-2800000,300000,350000
-2850000,-2800000,350000,400000
-2850000,-2800000,400000,450000
-2850000,-2800000,450000,500000
-2850000,-2800000,500000,550000
-2850000,-2800000,550000,600000
-2850000,-2800000,600000,650000
-2850000,-2800000,650000,700000
-2850000,-2800000,700000,750000
-2850000,-2800000,750000,800000
-2850000,-2800000,800000,850000
-2850000,-2800000,850000,900000
-2850000,-2800000,900000,950000
-2850000,-2800000,950000,1000000
-2850000,-2800000,1000000,1050000
-2850000,-2800000,1050000,1100000
-2850000,-2800000,1100000,1150000
-2850000,-2800000,1150000,1200000
-2850000,-2800000,1200000,1250000
-2850000,-2800000,1250000,1300000
-2850000,-2800000,1300000,1350000
-2850000,-2800000,1350000,1400000
-2850000,-2800000,1400000,1450000
-2850000,-2800000,1450000,1500000
-2850000,-2800000,1500000,1550000
-2850000,-2800000,1550000,1600000
-2800000,-2750000,-700000,-650000
-2800000,-2750000,-650000,-600000
-2800000,-2750000,-600000,-550000
-2800000,-2750000,-550000,-500000
-2800000,-2750000,-500000,-450000
-2800000,-2750000,-450000,-400000
-2800000,-2750000,-400000,-350000
-2800000,-2750000,-350000,-300000
-2800000,-2750000,-300000,-250000
-2800000,-2750000,-250000,-200000
-2800000,-2750000,-200000,-150000
-2800000,-2750000,-150000,-100000
-2800000,-2750000,-100000,-50000
-2800000,-2750000,-50000,0
-2800000,-2750000,0,50000
-2800000,-2750000,50000,100000
-2800000,-2750000,100000,150000
-2800000,-2750000,150000,200000
-2800000,-2750000,200000,250000
-2800000,-2750000,250000,300000
-2800000,-2750000,300000,350000
-2800000,-2750000,350000,400000
-2800000,-2750000,400000,450000
-2800000,-2750000,450000,500000
-2800000,-2750000,500000,550000
-2800000,-2750000,550000,600000
-2800000,-2750000,600000,650000
-2800000,-2750000,650000,700000
-2800000,-2750000,700000,750000
-2800000,-2750000,750000,800000
-2800000,-2750000,800000,850000
-2800000,-2750000,850000,900000
-2800000,-2750000,900000,950000
-2800000,-2750000,950000,1000000
-2800000,-2750000,1000000,1050000
-2800000,-2750000,1050000,1100000
-2800000,-2750000,1100000,1150000
-2800000,-2750000,1150000,1200000
-2800000,-2750000,1200000,1250000
-2800000,-2750000,1250000,1300000
-2800000,-2750000,1300000,1350000
-2800000,-2750000,1350000,1400000
-2800000,-2750000,1400000,1450000
-2800000,-2750000,1450000,1500000
-2800000,-2750000,1500000,1550000
-2800000,-2750000,1550000,1600000
-2750000,-2700000,-700000,-650000
-2750000,-2700000,-650000,-600000
-2750000,-2700000,-600000,-550000
-2750000,-2700000,-550000,-500000
-2750000,-2700000,-500000,-450000
-2750000,-2700000,-450000,-400000
-2750000,-2700000,-400000,-350000
-2750000,-2700000,-350000,-300000
-2750000,-2700000,-300000,-250000
-2750000,-2700000,-250000,-200000
-2750000,-2700000,-200000,-150000
-2750000,-2700000,-150000,-100000
-2750000,-2700000,-100000,-50000
-2750000,-2700000,-50000,0
-2750000,-2700000,0,50000
-2750000,-2700000,50000,100000
-2750000,-2700000,100000,150000
-2750000,-2700000,150000,200000
-2750000,-2700000,200000,250000
-2750000,-2700000,250000,300000
-2750000,-2700000,300000,350000
-2750000,-2700000,350000,400000
-2750000,-2700000,400000,450000
-2750000,-2700000,450000,500000
-2750000,-2700000,500000,550000
-2750000,-2700000,550000,600000
-2750000,-2700000,600000,650000
-2750000,-2700000,650000,700000
-2750000,-2700000,700000,750000
-2750000,-2700000,750000,800000
-2750000,-2700000,800000,850000
-2750000,-2700000,850000,900000
-2750000,-2700000,900000,950000
-2750000,-2700000,950000,1000000
-2750000,-2700000,1000000,1050000
-2750000,-2700000,1050000,1100000
-2750000,-2700000,1100000,1150000
-2750000,-2700000,1150000,1200000
-2750000,-2700000,1200000,1250000
-2750000,-2700000,1250000,1300000
-2750000,-2700000,1300000,1350000
-2750000,-2700000,1350000,1400000
-2750000,-2700000,1400000,1450000
-2750000,-2700000,1450000,1500000
-2750000,-2700000,1500000,1550000
-2750000,-2700000,1550000,1600000
