-1900000,-1850000,-1300000,-1250000
-1900000,-1850000,-1250000,-1200000
-1900000,-1850000,-1200000,-1150000
-1900000,-1850000,-1150000,-1100000
-1900000,-1850000,-1100000,-1050000
-1900000,-1850000,-1050000,-1000000
-1900000,-1850000,-1000000,-950000
-1900000,-1850000,-950000,-900000
-1900000,-1850000,-900000,-850000
-1900000,-1850000,-850000,-800000
-1900000,-1850000,-800000,-750000
-1900000,-1850000,-750000,-700000
-1900000,-1850000,-700000,-650000
-1900000,-1850000,-650000,-600000
-1900000,-1850000,-600000,-550000
-1900000,-1850000,-550000,-500000
-1900000,-1850000,-500000,-450000
-1900000,-1850000,-450000,-400000
-1900000,-1850000,-400000,-350000
-1900000,-1850000,-350000,-300000
-1900000,-1850000,-300000,-250000
-1900000,-1850000,-250000,-200000
-1900000,-1850000,-200000,-150000
-1900000,-1850000,-150000,-100000
-1900000,-1850000,-100000,-50000
-1900000,-1850000,-50000,0
-1900000,-1850000,0,50000
-1900000,-1850000,50000,100000
-1900000,-1850000,100000,150000
-1900000,-1850000,150000,200000
-1900000,-1850000,200000,250000
-1900000,-1850000,250000,300000
-1900000,-1850000,300000,350000
-1900000,-1850000,350000,400000
-1900000,-1850000,400000,450000
-1900000,-1850000,450000,500000
-1900000,-1850000,500000,550000
-1900000,-1850000,550000,600000
-1900000,-1850000,600000,650000
-1900000,-1850000,650000,700000
-1900000,-1850000,700000,750000
-1900000,-1850000,750000,800000
-1900000,-1850000,800000,850000
-1900000,-1850000,850000,900000
-1850000,-1800000,-1300000,-1250000
-1850000,-1800000,-1250000,-1200000
-1850000,-1800000,-1200000,-1150000
-1850000,-1800000,-1150000,-1100000
-1850000,-1800000,-1100000,-1050000
-1850000,-1800000,-1050000,-1000000
-1850000,-1800000,-1000000,-950000
-1850000,-1800000,-950000,-900000
-1850000,-1800000,-900000,-850000
-1850000,-1800000,-850000,-800000
-1850000,-1800000,-800000,-750000
-1850000,-1800000,-750000,-700000
-1850000,-1800000,-700000,-650000
-1850000,-1800000,-650000,-600000
-1850000,-1800000,-600000,-550000
-1850000,-1800000,-550000,-500000
-1850000,-1800000,-500000,-450000
-1850000,-1800000,-450000,-400000
-1850000,-1800000,-400000,-350000
-1850000,-1800000,-350000,-300000
-1850000,-1800000,-300000,-250000
-1850000,-1800000,-250000,-200000
-1850000,-1800000,-200000,-150000
-1850000,-1800000,-150000,-100000
-1850000,-1800000,-100000,-50000
-1850000,-1800000,-50000,0
-1850000,-1800000,0,50000
-1850000,-1800000,50000,100000
-1850000,-1800000,100000,150000
-1850000,-1800000,150000,200000
-1850000,-1800000,200000,250000
-1850000,-1800000,250000,300000
-1850000,-1800000,300000,350000
-1850000,-1800000,350000,400000
-1850000,-1800000,400000,450000
-1850000,-1800000,450000,500000
-1850000,-1800000,500000,550000
-1850000,-1800000,550000,600000
-1850000,-1800000,600000,650000
-1850000,-1800000,650000,700000
-1850000,-1800000,700000,750000
-1850000,-1800000,750000,800000
-1850000,-1800000,800000,850000
-1850000,-1800000,850000,900000
-1800000,-1750000,-1300000,-1250000
-1800000,-1750000,-1250000,-1200000
-1800000,-1750000,-1200000,-1150000
-1800000,-1750000,-1150000,-1100000
-1800000,-1750000,-1100000,-1050000
-1800000,-1750000,-1050000,-1000000
-1800000,-1750000,-1000000,-950000
-1800000,-1750000,-950000,-900000
-1800000,-1750000,-900000,-850000
-1800000,-1750000,-850000,-800000
-1800000,-1750000,-800000,-750000
-1800000,-1750000,-750000,-700000
-1800000,-1750000,-700000,-650000
-1800000,-1750000,-650000,-600000
-1800000,-1750000,-600000,-550000
-1800000,-1750000,-550000,-500000
-1800000,-1750000,-500000,-450000
-1800000,-1750000,-450000,-400000
-1800000,-1750000,-400000,-350000
-1800000,-1750000,-350000,-300000
-1800000,-1750000,-300000,-250000
-1800000,-1750000,-250000,-200000
-1800000,-1750000,-200000,-150000
-1800000,-1750000,-150000,-100000
-1800000,-1750000,-100000,-50000
-1800000,-1750000,-50000,0
-1800000,-1750000,0,50000
-1800000,-1750000,50000,100000
-1800000,-1750000,100000,150000
-1800000,-1750000,150000,200000
-1800000,-1750000,200000,250000
-1800000,-1750000,250000,300000
-1800000,-1750000,300000,350000
-1800000,-1750000,350000,400000
-1800000,-1750000,400000,450000
-1800000,-1750000,450000,500000
-1800000,-1750000,500000,550000
-1800000,-1750000,550000,600000
-1800000,-1750000,600000,650000
-1800000,-1750000,650000,700000
-1800000,-1750000,700000,750000
-1800000,-1750000,750000,800000
-1800000,-1750000,800000,850000
-1800000,-1750000,850000,900000
-1750000,-1700000,-1300000,-1250000
-1750000,-1700000,-1250000,-1200000
-1750000,-1700000,-1200000,-1150000
-1750000,-1700000,-1150000,-1100000
-1750000,-1700000,-1100000,-1050000
-1750000,-1700000,-1050000,-1000000
-1750000,-1700000,-1000000,-950000
-1750000,-1700000,-950000,-900000
-1750000,-1700000,-900000,-850000
-1750000,-1700000,-850000,-800000
-1750000,-1700000,-800000,-750000
-1750000,-1700000,-750000,-700000
-1750000,-1700000,-700000,-650000
-1750000,-1700000,-650000,-600000
-1750000,-1700000,-600000,-550000
-1750000,-1700000,-550000,-500000
-1750000,-1700000,-500000,-450000
-1750000,-1700000,-450000,-400000
-1750000,-1700000,-400000,-350000
-1750000,-1700000,-350000,-300000
-1750000,-1700000,-300000,-250000
-1750000,-1700000,-250000,-200000
-1750000,-1700000,-200000,-150000
-1750000,-1700000,-150000,-100000
-1750000,-1700000,-100000,-50000
-1750000,-1700000,-50000,0
-1750000,-1700000,0,50000
-1750000,-1700000,50000,100000
-1750000,-1700000,100000,150000
-1750000,-1700000,150000,200000
-1750000,-1700000,200000,250000
-1750000,-1700000,250000,300000
-1750000,-1700000,300000,350000
-1750000,-1700000,350000,400000
-1750000,-1700000,400000,450000
-1750000,-1700000,450000,500000
-1750000,-1700000,500000,550000
-1750000,-1700000,550000,600000
-1750000,-1700000,600000,650000
-1750000,-1700000,650000,700000
-1750000,-1700000,700000,750000
-1750000,-1700000,750000,800000
-1750000,-1700000,800000,850000
-1750000,-1700000,850000,900000
-1700000,-1650000,-1300000,-1250000
-1700000,-1650000,-1250000,-1200000
-1700000,-1650000,-1200000,-1150000
-1700000,-1650000,-1150000,-1100000
-1700000,-1650000,-1100000,-1050000
-1700000,-1650000,-1050000,-1000000
-1700000,-1650000,-1000000,-950000
-1700000,-1650000,-950000,-900000
-1700000,-1650000,-900000,-850000
-1700000,-1650000,-850000,-800000
-1700000,-1650000,-800000,-750000
-1700000,-1650000,-750000,-700000
-1700000,-1650000,-700000,-650000
-1700000,-1650000,-650000,-600000
-1700000,-1650000,-600000,-550000
-1700000,-1650000,-550000,-500000
-1700000,-1650000,-500000,-450000
-1700000,-1650000,-450000,-400000
-1700000,-1650000,-400000,-350000
-1700000,-1650000,-350000,-300000
-1700000,-1650000,-300000,-250000
-1700000,-1650000,-250000,-200000
-1700000,-1650000,-200000,-150000
-1700000,-1650000,-150000,-100000
-1700000,-1650000,-100000,-50000
-1700000,-1650000,-50000,0
-1700000,-1650000,0,50000
-1700000,-1650000,50000,100000
-1700000,-1650000,100000,150000
-1700000,-1650000,150000,200000
-1700000,-1650000,200000,250000
-1700000,-1650000,250000,300000
-1700000,-1650000,300000,350000
-1700000,-1650000,350000,400000
-1700000,-1650000,400000,450000
-1700000,-1650000,450000,500000
-1700000,-1650000,500000,550000
-1700000,-1650000,550000,600000
-1700000,-1650000,600000,650000
-1700000,-1650000,650000,700000
-1700000,-1650000,700000,750000
-1700000,-1650000,750000,800000
-1700000,-1650000,800000,850000
-1700000,-1650000,850000,900000
-1650000,-1600000,-1300000,-1250000
-1650000,-1600000,-1250000,-1200000
-1650000,-1600000,-1200000,-1150000
-1650000,-1600000,-1150000,-1100000
-1650000,-1600000,-1100000,-1050000
-1650000,-1600000,-1050000,-1000000
-1650000,-1600000,-1000000,-950000
-1650000,-1600000,-950000,-900000
-1650000,-1600000,-900000,-850000
-1650000,-1600000,-850000,-800000
-1650000,-1600000,-800000,-750000
-1650000,-1600000,-750000,-700000
-1650000,-1600000,-700000,-650000
-1650000,-1600000,-650000,-600000
-1650000,-1600000,-600000,-550000
-1650000,-1600000,-550000,-500000
-1650000,-1600000,-500000,-450000
-1650000,-1600000,-450000,-400000
-1650000,-1600000,-400000,-350000
-1650000,-1600000,-350000,-300000
-1650000,-1600000,-300000,-250000
-1650000,-1600000,-250000,-200000
-1650000,-1600000,-200000,-150000
-1650000,-1600000,-150000,-100000
-1650000,-1600000,-100000,-50000
-1650000,-1600000,-50000,0
-1650000,-1600000,0,50000
-1650000,-1600000,50000,100000
-1650000,-1600000,100000,150000
-1650000,-1600000,150000,200000
-1650000,-1600000,200000,250000
-1650000,-1600000,250000,300000
-1650000,-1600000,300000,350000
-1650000,-1600000,350000,400000
-1650000,-1600000,400000,450000
-1650000,-1600000,450000,500000
-1650000,-1600000,500000,550000
-1650000,-1600000,550000,600000
-1650000,-1600000,600000,650000
-1650000,-1600000,650000,700000
-1650000,-1600000,700000,750000
-1650000,-1600000,750000,800000
-1650000,-1600000,800000,850000
-1650000,-1600000,850000,900000
-1600000,-1550000,-1300000,-1250000
-1600000,-1550000,-1250000,-1200000
-1600000,-1550000,-1200000,-1150000
-1600000,-1550000,-1150000,-1100000
-1600000,-1550000,-1100000,-1050000
-1600000,-1550000,-1050000,-1000000
-1600000,-1550000,-1000000,-950000
-1600000,-1550000,-950000,-900000
-1600000,-1550000,-900000,-850000
-1600000,-1550000,-850000,-800000
-1600000,-1550000,-800000,-750000
-1600000,-1550000,-750000,-700000
-1600000,-1550000,-700000,-650000
-1600000,-1550000,-650000,-600000
-1600000,-1550000,-600000,-550000
-1600000,-1550000,-550000,-500000
-1600000,-1550000,-500000,-450000
-1600000,-1550000,-450000,-400000
-1600000,-1550000,-400000,-350000
-1600000,-1550000,-350000,-300000
-1600000,-1550000,-300000,-250000
-1600000,-1550000,-250000,-200000
-1600000,-1550000,-200000,-150000
-1600000,-1550000,-150000,-100000
-1600000,-1550000,-100000,-50000
-1600000,-1550000,-50000,0
-1600000,-1550000,0,50000
-1600000,-1550000,50000,100000
-1600000,-1550000,100000,150000
-1600000,-1550000,150000,200000
-1600000,-1550000,200000,250000
-1600000,-1550000,250000,300000
-1600000,-1550000,300000,350000
-1600000,-1550000,350000,400000
-1600000,-1550000,400000,450000
-1600000,-1550000,450000,500000
-1600000,-1550000,500000,550000
-1600000,-1550000,550000,600000
-1600000,-1550000,600000,650000
-1600000,-1550000,650000,700000
-1600000,-1550000,700000,750000
-1600000,-1550000,750000,800000
-1600000,-1550000,800000,850000
-1600000,-1550000,850000,900000
-1550000,-1500000,-1300000,-1250000
-1550000,-1500000,-1250000,-1200000
-1550000,-1500000,-1200000,-1150000
-1550000,-1500000,-1150000,-1100000
-1550000,-1500000,-1100000,-1050000
-1550000,-1500000,-1050000,-1000000
-1550000,-1500000,-1000000,-950000
-1550000,-1500000,-950000,-900000
-1550000,-1500000,-900000,-850000
-1550000,-1500000,-850000,-800000
-1550000,-1500000,-800000,-750000
-1550000,-1500000,-750000,-700000
-1550000,-1500000,-700000,-650000
-1550000,-1500000,-650000,-600000
-1550000,-1500000,-600000,-550000
-1550000,-1500000,-550000,-500000
-1550000,-1500000,-500000,-450000
-1550000,-1500000,-450000,-400000
-1550000,-1500000,-400000,-350000
-1550000,-1500000,-350000,-300000
-1550000,-1500000,-300000,-250000
-1550000,-1500000,-250000,-200000
-1550000,-1500000,-200000,-150000
-1550000,-1500000,-150000,-100000
-1550000,-1500000,-100000,-50000
-1550000,-1500000,-50000,0
-1550000,-1500000,0,50000
-1550000,-1500000,50000,100000
-1550000,-1500000,100000,150000
-1550000,-1500000,150000,200000
-1550000,-1500000,200000,250000
-1550000,-1500000,250000,300000
-1550000,-1500000,300000,350000
-1550000,-1500000,350000,400000
-1550000,-1500000,400000,450000
-1550000,-1500000,450000,500000
-1550000,-1500000,500000,550000
-1550000,-1500000,550000,600000
-1550000,-1500000,600000,650000
-1550000,-1500000,650000,700000
-1550000,-1500000,700000,750000
-1550000,-1500000,750000,800000
-1550000,-1500000,800000,850000
-1550000,-1500000,850000,900000
-1500000,-1450000,-1300000,-1250000
-1500000,-1450000,-1250000,-1200000
-1500000,-1450000,-1200000,-1150000
-1500000,-1450000,-1150000,-1100000
-1500000,-1450000,-1100000,-1050000
-1500000,-1450000,-1050000,-1000000
-1500000,-1450000,-1000000,-950000
-1500000,-1450000,-950000,-900000
-1500000,-1450000,-900000,-850000
-1500000,-1450000,-850000,-800000
-1500000,-1450000,-800000,-750000
-1500000,-1450000,-750000,-700000
-1500000,-1450000,-700000,-650000
-1500000,-1450000,-650000,-600000
-1500000,-1450000,-600000,-550000
-1500000,-1450000,-550000,-500000
-1500000,-1450000,-500000,-450000
-1500000,-1450000,-450000,-400000
-1500000,-1450000,-400000,-350000
-1500000,-1450000,-350000,-300000
-1500000,-1450000,-300000,-250000
-1500000,-1450000,-250000,-200000
-1500000,-1450000,-200000,-150000
-1500000,-1450000,-150000,-100000
-1500000,-1450000,-100000,-50000
-1500000,-1450000,-50000,0
-1500000,-1450000,0,50000
-1500000,-1450000,50000,100000
-1500000,-1450000,100000,150000
-1500000,-1450000,150000,200000
-1500000,-1450000,200000,250000
-1500000,-1450000,250000,300000
-1500000,-1450000,300000,350000
-1500000,-1450000,350000,400000
-1500000,-1450000,400000,450000
-1500000,-1450000,450000,500000
-1500000,-1450000,500000,550000
-1500000,-1450000,550000,600000
-1500000,-1450000,600000,650000
-1500000,-1450000,650000,700000
-1500000,-1450000,700000,750000
-1500000,-1450000,750000,800000
-1500000,-1450000,800000,850000
-1500000,-1450000,850000,900000
-1450000,-1400000,-1300000,-1250000
-1450000,-1400000,-1250000,-1200000
-1450000,-1400000,-1200000,-1150000
-1450000,-1400000,-1150000,-1100000
-1450000,-1400000,-1100000,-1050000
-1450000,-1400000,-1050000,-1000000
-1450000,-1400000,-1000000,-950000
-1450000,-1400000,-950000,-900000
-1450000,-1400000,-900000,-850000
-1450000,-1400000,-850000,-800000
-1450000,-1400000,-800000,-750000
-1450000,-1400000,-750000,-700000
-1450000,-1400000,-700000,-650000
-1450000,-1400000,-650000,-600000
-1450000,-1400000,-600000,-550000
-1450000,-1400000,-550000,-500000
-1450000,-1400000,-500000,-450000
-1450000,-1400000,-450000,-400000
-1450000,-1400000,-400000,-350000
-1450000,-1400000,-350000,-300000
-1450000,-1400000,-300000,-250000
-1450000,-1400000,-250000,-200000
-1450000,-1400000,-200000,-150000
-1450000,-1400000,-150000,-100000
-1450000,-1400000,-100000,-50000
-1450000,-1400000,-50000,0
-1450000,-1400000,0,50000
-1450000,-1400000,50000,100000
-1450000,-1400000,100000,150000
-1450000,-1400000,150000,200000
-1450000,-1400000,200000,250000
-1450000,-1400000,250000,300000
-1450000,-1400000,300000,350000
-1450000,-1400000,350000,400000
-1450000,-1400000,400000,450000
-1450000,-1400000,450000,500000
-1450000,-1400000,500000,550000
-1450000,-1400000,550000,600000
-1450000,-1400000,600000,650000
-1450000,-1400000,650000,700000
-1450000,-1400000,700000,750000
-1450000,-1400000,750000,800000
-1450000,-1400000,800000,850000
-1450000,-1400000,850000,900000
-1400000,-1350000,-1300000,-1250000
-1400000,-1350000,-1250000,-1200000
-1400000,-1350000,-1200000,-1150000
-1400000,-1350000,-1150000,-1100000
-1400000,-1350000,-1100000,-1050000
-1400000,-1350000,-1050000,-1000000
-1400000,-1350000,-1000000,-950000
-1400000,-1350000,-950000,-900000
-1400000,-1350000,-900000,-850000
-1400000,-1350000,-850000,-800000
-1400000,-1350000,-800000,-750000
-1400000,-1350000,-750000,-700000
-1400000,-1350000,-700000,-650000
-1400000,-1350000,-650000,-600000
-1400000,-1350000,-600000,-550000
-1400000,-1350000,-550000,-500000
-1400000,-1350000,-500000,-450000
-1400000,-1350000,-450000,-400000
-1400000,-1350000,-400000,-350000
-1400000,-1350000,-350000,-300000
-1400000,-1350000,-300000,-250000
-1400000,-1350000,-250000,-200000
-1400000,-1350000,-200000,-150000
-1400000,-1350000,-150000,-100000
-1400000,-1350000,-100000,-50000
-1400000,-1350000,-50000,0
-1400000,-1350000,0,50000
-1400000,-1350000,50000,100000
-1400000,-1350000,100000,150000
-1400000,-1350000,150000,200000
-1400000,-1350000,200000,250000
-1400000,-1350000,250000,300000
-1400000,-1350000,300000,350000
-1400000,-1350000,350000,400000
-1400000,-1350000,400000,450000
-1400000,-1350000,450000,500000
-1400000,-1350000,500000,550000
-1400000,-1350000,550000,600000
-1400000,-1350000,600000,650000
-1400000,-1350000,650000,700000
-1400000,-1350000,700000,750000
-1400000,-1350000,750000,800000
-1400000,-1350000,800000,850000
-1400000,-1350000,850000,900000
-1350000,-1300000,-1300000,-1250000
-1350000,-1300000,-1250000,-1200000
-1350000,-1300000,-1200000,-1150000
-1350000,-1300000,-1150000,-1100000
-1350000,-1300000,-1100000,-1050000
-1350000,-1300000,-1050000,-1000000
-1350000,-1300000,-1000000,-950000
-1350000,-1300000,-950000,-900000
-1350000,-1300000,-900000,-850000
-1350000,-1300000,-850000,-800000
-1350000,-1300000,-800000,-750000
-1350000,-1300000,-750000,-700000
-1350000,-1300000,-700000,-650000
-1350000,-1300000,-650000,-600000
-1350000,-1300000,-600000,-550000
-1350000,-1300000,-550000,-500000
-1350000,-1300000,-500000,-450000
-1350000,-1300000,-450000,-400000
-1350000,-1300000,-400000,-350000
-1350000,-1300000,-350000,-300000
-1350000,-1300000,-300000,-250000
-1350000,-1300000,-250000,-200000
-1350000,-1300000,-200000,-150000
-1350000,-1300000,-150000,-100000
-1350000,-1300000,-100000,-50000
-1350000,-1300000,-50000,0
-1350000,-1300000,0,50000
-1350000,-1300000,50000,100000
-1350000,-1300000,100000,150000
-1350000,-1300000,150000,200000
-1350000,-1300000,200000,250000
-1350000,-1300000,250000,300000
-1350000,-1300000,300000,350000
-1350000,-1300000,350000,400000
-1350000,-1300000,400000,450000
-1350000,-1300000,450000,500000
-1350000,-1300000,500000,550000
-1350000,-1300000,550000,600000
-1350000,-1300000,600000,650000
-1350000,-1300000,650000,700000
-1350000,-1300000,700000,750000
-1350000,-1300000,750000,800000
-1350000,-1300000,800000,850000
-1350000,-1300000,850000,900000
-1300000,-1250000,-1300000,-1250000
-1300000,-1250000,-1250000,-1200000
-1300000,-1250000,-1200000,-1150000
-1300000,-1250000,-1150000,-1100000
-1300000,-1250000,-1100000,-1050000
-1300000,-1250000,-1050000,-1000000
-1300000,-1250000,-1000000,-950000
-1300000,-1250000,-950000,-900000
-1300000,-1250000,-900000,-850000
-1300000,-1250000,-850000,-800000
-1300000,-1250000,-800000,-750000
-1300000,-1250000,-750000,-700000
-1300000,-1250000,-700000,-650000
-1300000,-1250000,-650000,-600000
-1300000,-1250000,-600000,-550000
-1300000,-1250000,-550000,-500000
-1300000,-1250000,-500000,-450000
-1300000,-1250000,-450000,-400000
-1300000,-1250000,-400000,-350000
-1300000,-1250000,-350000,-300000
-1300000,-1250000,-300000,-250000
-1300000,-1250000,-250000,-200000
-1300000,-1250000,-200000,-150000
-1300000,-1250000,-150000,-100000
-1300000,-1250000,-100000,-50000
-1300000,-1250000,-50000,0
-1300000,-1250000,0,50000
-1300000,-1250000,50000,100000
-1300000,-1250000,100000,150000
-1300000,-1250000,150000,200000
-1300000,-1250000,200000,250000
-1300000,-1250000,250000,300000
-1300000,-1250000,300000,350000
-1300000,-1250000,350000,400000
-1300000,-1250000,400000,450000
-1300000,-1250000,450000,500000
-1300000,-1250000,500000,550000
-1300000,-1250000,550000,600000
-1300000,-1250000,600000,650000
-1300000,-1250000,650000,700000
-1300000,-1250000,700000,750000
-1300000,-1250000,750000,800000
-1300000,-1250000,800000,850000
-1300000,-1250000,850000,900000
-1250000,-1200000,-1300000,-1250000
-1250000,-1200000,-1250000,-1200000
-1250000,-1200000,-1200000,-1150000
-1250000,-1200000,-1150000,-1100000
-1250000,-1200000,-1100000,-1050000
-1250000,-1200000,-1050000,-1000000
-1250000,-1200000,-1000000,-950000
-1250000,-1200000,-950000,-900000
-1250000,-1200000,-900000,-850000
-1250000,-1200000,-850000,-800000
-1250000,-1200000,-800000,-750000
-1250000,-1200000,-750000,-700000
-1250000,-1200000,-700000,-650000
-1250000,-1200000,-650000,-600000
-1250000,-1200000,-600000,-550000
-1250000,-1200000,-550000,-500000
-1250000,-1200000,-500000,-450000
-1250000,-1200000,-450000,-400000
-1250000,-1200000,-400000,-350000
-1250000,-1200000,-350000,-300000
-1250000,-1200000,-300000,-250000
-1250000,-1200000,-250000,-200000
-1250000,-1200000,-200000,-150000
-1250000,-1200000,-150000,-100000
-1250000,-1200000,-100000,-50000
-1250000,-1200000,-50000,0
-1250000,-1200000,0,50000
-1250000,-1200000,50000,100000
-1250000,-1200000,100000,150000
-1250000,-1200000,150000,200000
-1250000,-1200000,200000,250000
-1250000,-1200000,250000,300000
-1250000,-1200000,300000,350000
-1250000,-1200000,350000,400000
-1250000,-1200000,400000,450000
-1250000,-1200000,450000,500000
-1250000,-1200000,500000,550000
-1250000,-1200000,550000,600000
-1250000,-1200000,600000,650000
-1250000,-1200000,650000,700000
-1250000,-1200000,700000,750000
-1250000,-1200000,750000,800000
-1250000,-1200000,800000,850000
-1250000,-1200000,850000,900000
-1200000,-1150000,-1300000,-1250000
-1200000,-1150000,-1250000,-1200000
-1200000,-1150000,-1200000,-1150000
-1200000,-1150000,-1150000,-1100000
-1200000,-1150000,-1100000,-1050000
-1200000,-1150000,-1050000,-1000000
-1200000,-1150000,-1000000,-950000
-1200000,-1150000,-950000,-900000
-1200000,-1150000,-900000,-850000
-1200000,-1150000,-850000,-800000
-1200000,-1150000,-800000,-750000
-1200000,-1150000,-750000,-700000
-1200000,-1150000,-700000,-650000
-1200000,-1150000,-650000,-600000
-1200000,-1150000,-600000,-550000
-1200000,-1150000,-550000,-500000
-1200000,-1150000,-500000,-450000
-1200000,-1150000,-450000,-400000
-1200000,-1150000,-400000,-350000
-1200000,-1150000,-350000,-300000
-1200000,-1150000,-300000,-250000
-1200000,-1150000,-250000,-200000
-1200000,-1150000,-200000,-150000
-1200000,-1150000,-150000,-100000
-1200000,-1150000,-100000,-50000
-1200000,-1150000,-50000,0
-1200000,-1150000,0,50000
-1200000,-1150000,50000,100000
-1200000,-1150000,100000,150000
-1200000,-1150000,150000,200000
-1200000,-1150000,200000,250000
-1200000,-1150000,250000,300000
-1200000,-1150000,300000,350000
-1200000,-1150000,350000,400000
-1200000,-1150000,400000,450000
-1200000,-1150000,450000,500000
-1200000,-1150000,500000,550000
-1200000,-1150000,550000,600000
-1200000,-1150000,600000,650000
-1200000,-1150000,650000,700000
-1200000,-1150000,700000,750000
-1200000,-1150000,750000,800000
-1200000,-1150000,800000,850000
-1200000,-1150000,850000,900000
-1150000,-1100000,-1300000,-1250000
-1150000,-1100000,-1250000,-1200000
-1150000,-1100000,-1200000,-1150000
-1150000,-1100000,-1150000,-1100000
-1150000,-1100000,-1100000,-1050000
-1150000,-1100000,-1050000,-1000000
-1150000,-1100000,-1000000,-950000
-1150000,-1100000,-950000,-900000
-1150000,-1100000,-900000,-850000
-1150000,-1100000,-850000,-800000
-1150000,-1100000,-800000,-750000
-1150000,-1100000,-750000,-700000
-1150000,-1100000,-700000,-650000
-1150000,-1100000,-650000,-600000
-1150000,-1100000,-600000,-550000
-1150000,-1100000,-550000,-500000
-1150000,-1100000,-500000,-450000
-1150000,-1100000,-450000,-400000
-1150000,-1100000,-400000,-350000
-1150000,-1100000,-350000,-300000
-1150000,-1100000,-300000,-250000
-1150000,-1100000,-250000,-200000
-1150000,-1100000,-200000,-150000
-1150000,-1100000,-150000,-100000
-1150000,-1100000,-100000,-50000
-1150000,-1100000,-50000,0
-1150000,-1100000,0,50000
-1150000,-1100000,50000,100000
-1150000,-1100000,100000,150000
-1150000,-1100000,150000,200000
-1150000,-1100000,200000,250000
-1150000,-1100000,250000,300000
-1150000,-1100000,300000,350000
-1150000,-1100000,350000,400000
-1150000,-1100000,400000,450000
-1150000,-1100000,450000,500000
-1150000,-1100000,500000,550000
-1150000,-1100000,550000,600000
-1150000,-1100000,600000,650000
-1150000,-1100000,650000,700000
-1150000,-1100000,700000,750000
-1150000,-1100000,750000,800000
-1150000,-1100000,800000,850000
-1150000,-1100000,850000,900000
-1100000,-1050000,-1300000,-1250000
-1100000,-1050000,-1250000,-1200000
-1100000,-1050000,-1200000,-1150000
-1100000,-1050000,-1150000,-1100000
-1100000,-1050000,-1100000,-1050000
-1100000,-1050000,-1050000,-1000000
-1100000,-1050000,-1000000,-950000
-1100000,-1050000,-950000,-900000
-1100000,-1050000,-900000,-850000
-1100000,-1050000,-850000,-800000
-1100000,-1050000,-800000,-750000
-1100000,-1050000,-750000,-700000
-1100000,-1050000,-700000,-650000
-1100000,-1050000,-650000,-600000
-1100000,-1050000,-600000,-550000
-1100000,-1050000,-550000,-500000
-1100000,-1050000,-500000,-450000
-1100000,-1050000,-450000,-400000
-1100000,-1050000,-400000,-350000
-1100000,-1050000,-350000,-300000
-1100000,-1050000,-300000,-250000
-1100000,-1050000,-250000,-200000
-1100000,-1050000,-200000,-150000
-1100000,-1050000,-150000,-100000
-1100000,-1050000,-100000,-50000
-1100000,-1050000,-50000,0
-1100000,-1050000,0,50000
-1100000,-1050000,50000,100000
-1100000,-1050000,100000,150000
-1100000,-1050000,150000,200000
-1100000,-1050000,200000,250000
-1100000,-1050000,250000,300000
-1100000,-1050000,300000,350000
-1100000,-1050000,350000,400000
-1100000,-1050000,400000,450000
-1100000,-1050000,450000,500000
-1100000,-1050000,500000,550000
-1100000,-1050000,550000,600000
-1100000,-1050000,600000,650000
-1100000,-1050000,650000,700000
-1100000,-1050000,700000,750000
-1100000,-1050000,750000,800000
-1100000,-1050000,800000,850000
-1100000,-1050000,850000,900000
-1050000,-1000000,-1300000,-1250000
-1050000,-1000000,-1250000,-1200000
-1050000,-1000000,-1200000,-1150000
-1050000,-1000000,-1150000,-1100000
-1050000,-1000000,-1100000,-1050000
-1050000,-1000000,-1050000,-1000000
-1050000,-1000000,-1000000,-950000
-1050000,-1000000,-950000,-900000
-1050000,-1000000,-900000,-850000
-1050000,-1000000,-850000,-800000
-1050000,-1000000,-800000,-750000
-1050000,-1000000,-750000,-700000
-1050000,-1000000,-700000,-650000
-1050000,-1000000,-650000,-600000
-1050000,-1000000,-600000,-550000
-1050000,-1000000,-550000,-500000
-1050000,-1000000,-500000,-450000
-1050000,-1000000,-450000,-400000
-1050000,-1000000,-400000,-350000
-1050000,-1000000,-350000,-300000
-1050000,-1000000,-300000,-250000
-1050000,-1000000,-250000,-200000
-1050000,-1000000,-200000,-150000
-1050000,-1000000,-150000,-100000
-1050000,-1000000,-100000,-50000
-1050000,-1000000,-50000,0
-1050000,-1000000,0,50000
-1050000,-1000000,50000,100000
-1050000,-1000000,100000,150000
-1050000,-1000000,150000,200000
-1050000,-1000000,200000,250000
-1050000,-1000000,250000,300000
-1050000,-1000000,300000,350000
-1050000,-1000000,350000,400000
-1050000,-1000000,400000,450000
-1050000,-1000000,450000,500000
-1050000,-1000000,500000,550000
-1050000,-1000000,550000,600000
-1050000,-1000000,600000,650000
-1050000,-1000000,650000,700000
-1050000,-1000000,700000,750000
-1050000,-1000000,750000,800000
-1050000,-1000000,800000,850000
-1050000,-1000000,850000,900000
-1000000,-950000,-1300000,-1250000
-1000000,-950000,-1250000,-1200000
-1000000,-950000,-1200000,-1150000
-1000000,-950000,-1150000,-1100000
-1000000,-950000,-1100000,-1050000
-1000000,-950000,-1050000,-1000000
-1000000,-950000,-1000000,-950000
-1000000,-950000,-950000,-900000
-1000000,-950000,-900000,-850000
-1000000,-950000,-850000,-800000
-1000000,-950000,-800000,-750000
-1000000,-950000,-750000,-700000
-1000000,-950000,-700000,-650000
-1000000,-950000,-650000,-600000
-1000000,-950000,-600000,-550000
-1000000,-950000,-550000,-500000
-1000000,-950000,-500000,-450000
-1000000,-950000,-450000,-400000
-1000000,-950000,-400000,-350000
-1000000,-950000,-350000,-300000
-1000000,-950000,-300000,-250000
-1000000,-950000,-250000,-200000
-1000000,-950000,-200000,-150000
-1000000,-950000,-150000,-100000
-1000000,-950000,-100000,-50000
-1000000,-950000,-50000,0
-1000000,-950000,0,50000
-1000000,-950000,50000,100000
-1000000,-950000,100000,150000
-1000000,-950000,150000,200000
-1000000,-950000,200000,250000
-1000000,-950000,250000,300000
-1000000,-950000,300000,350000
-1000000,-950000,350000,400000
-1000000,-950000,400000,450000
-1000000,-950000,450000,500000
-1000000,-950000,500000,550000
-1000000,-950000,550000,600000
-1000000,-950000,600000,650000
-1000000,-950000,650000,700000
-1000000,-950000,700000,750000
-1000000,-950000,750000,800000
-1000000,-950000,800000,850000
-1000000,-950000,850000,900000
-950000,-900000,-1300000,-1250000
-950000,-900000,-1250000,-1200000
-950000,-900000,-1200000,-1150000
-950000,-900000,-1150000,-1100000
-950000,-900000,-1100000,-1050000
-950000,-900000,-1050000,-1000000
-950000,-900000,-1000000,-950000
-950000,-900000,-950000,-900000
-950000,-900000,-900000,-850000
-950000,-900000,-850000,-800000
-950000,-900000,-800000,-750000
-950000,-900000,-750000,-700000
-950000,-900000,-700000,-650000
-950000,-900000,-650000,-600000
-950000,-900000,-600000,-550000
-950000,-900000,-550000,-500000
-950000,-900000,-500000,-450000
-950000,-900000,-450000,-400000
-950000,-900000,-400000,-350000
-950000,-900000,-350000,-300000
-950000,-900000,-300000,-250000
-950000,-900000,-250000,-200000
-950000,-900000,-200000,-150000
-950000,-900000,-150000,-100000
-950000,-900000,-100000,-50000
-950000,-900000,-50000,0
-950000,-900000,0,50000
-950000,-900000,50000,100000
-950000,-900000,100000,150000
-950000,-900000,150000,200000
-950000,-900000,200000,250000
-950000,-900000,250000,300000
-950000,-900000,300000,350000
-950000,-900000,350000,400000
-950000,-900000,400000,450000
-950000,-900000,450000,500000
-950000,-900000,500000,550000
-950000,-900000,550000,600000
-950000,-900000,600000,650000
-950000,-900000,650000,700000
-950000,-900000,700000,750000
-950000,-900000,750000,800000
-950000,-900000,800000,850000
-950000,-900000,850000,900000
-900000,-850000,-1300000,-1250000
-900000,-850000,-1250000,-1200000
-900000,-850000,-1200000,-1150000
-900000,-850000,-1150000,-1100000
-900000,-850000,-1100000,-1050000
-900000,-850000,-1050000,-1000000
-900000,-850000,-1000000,-950000
-900000,-850000,-950000,-900000
-900000,-850000,-900000,-850000
-900000,-850000,-850000,-800000
-900000,-850000,-800000,-750000
-900000,-850000,-750000,-700000
-900000,-850000,-700000,-650000
-900000,-850000,-650000,-600000
-900000,-850000,-600000,-550000
-900000,-850000,-550000,-500000
-900000,-850000,-500000,-450000
-900000,-850000,-450000,-400000
-900000,-850000,-400000,-350000
-900000,-850000,-350000,-300000
-900000,-850000,-300000,-250000
-900000,-850000,-250000,-200000
-900000,-850000,-200000,-150000
-900000,-850000,-150000,-100000
-900000,-850000,-100000,-50000
-900000,-850000,-50000,0
-900000,-850000,0,50000
-900000,-850000,50000,100000
-900000,-850000,100000,150000
-900000,-850000,150000,200000
-900000,-850000,200000,250000
-900000,-850000,250000,300000
-900000,-850000,300000,350000
-900000,-850000,350000,400000
-900000,-850000,400000,450000
-900000,-850000,450000,500000
-900000,-850000,500000,550000
-900000,-850000,550000,600000
-900000,-850000,600000,650000
-900000,-850000,650000,700000
-900000,-850000,700000,750000
-900000,-850000,750000,800000
-900000,-850000,800000,850000
-900000,-850000,850000,900000
-850000,-800000,-1300000,-1250000
-850000,-800000,-1250000,-1200000
-850000,-800000,-1200000,-1150000
-850000,-800000,-1150000,-1100000
-850000,-800000,-1100000,-1050000
-850000,-800000,-1050000,-1000000
-850000,-800000,-1000000,-950000
-850000,-800000,-950000,-900000
-850000,-800000,-900000,-850000
-850000,-800000,-850000,-800000
-850000,-800000,-800000,-750000
-850000,-800000,-750000,-700000
-850000,-800000,-700000,-650000
-850000,-800000,-650000,-600000
-850000,-800000,-600000,-550000
-850000,-800000,-550000,-500000
-850000,-800000,-500000,-450000
-850000,-800000,-450000,-400000
-850000,-800000,-400000,-350000
-850000,-800000,-350000,-300000
-850000,-800000,-300000,-250000
-850000,-800000,-250000,-200000
-850000,-800000,-200000,-150000
-850000,-800000,-150000,-100000
-850000,-800000,-100000,-50000
-850000,-800000,-50000,0
-850000,-800000,0,50000
-850000,-800000,50000,100000
-850000,-800000,100000,150000
-850000,-800000,150000,200000
-850000,-800000,200000,250000
-850000,-800000,250000,300000
-850000,-800000,300000,350000
-850000,-800000,350000,400000
-850000,-800000,400000,450000
-850000,-800000,450000,500000
-850000,-800000,500000,550000
-850000,-800000,550000,600000
-850000,-800000,600000,650000
-850000,-800000,650000,700000
-850000,-800000,700000,750000
-850000,-800000,750000,800000
-850000,-800000,800000,850000
-850000,-800000,850000,900000
-800000,-750000,-1300000,-1250000
-800000,-750000,-1250000,-1200000
-800000,-750000,-1200000,-1150000
-800000,-750000,-1150000,-1100000
-800000,-750000,-1100000,-1050000
-800000,-750000,-1050000,-1000000
-800000,-750000,-1000000,-950000
-800000,-750000,-950000,-900000
-800000,-750000,-900000,-850000
-800000,-750000,-850000,-800000
-800000,-750000,-800000,-750000
-800000,-750000,-750000,-700000
-800000,-750000,-700000,-650000
-800000,-750000,-650000,-600000
-800000,-750000,-600000,-550000
-800000,-750000,-550000,-500000
-800000,-750000,-500000,-450000
-800000,-750000,-450000,-400000
-800000,-750000,-400000,-350000
-800000,-750000,-350000,-300000
-800000,-750000,-300000,-250000
-800000,-750000,-250000,-200000
-800000,-750000,-200000,-150000
-800000,-750000,-150000,-100000
-800000,-750000,-100000,-50000
-800000,-750000,-50000,0
-800000,-750000,0,50000
-800000,-750000,50000,100000
-800000,-750000,100000,150000
-800000,-750000,150000,200000
-800000,-750000,200000,250000
-800000,-750000,250000,300000
-800000,-750000,300000,350000
-800000,-750000,350000,400000
-800000,-750000,400000,450000
-800000,-750000,450000,500000
-800000,-750000,500000,550000
-800000,-750000,550000,600000
-800000,-750000,600000,650000
-800000,-750000,650000,700000
-800000,-750000,700000,750000
-800000,-750000,750000,800000
-800000,-750000,800000,850000
-800000,-750000,850000,900000
-750000,-700000,-1300000,-1250000
-750000,-700000,-1250000,-1200000
-750000,-700000,-1200000,-1150000
-750000,-700000,-1150000,-1100000
-750000,-700000,-1100000,-1050000
-750000,-700000,-1050000,-1000000
-750000,-700000,-1000000,-950000
-750000,-700000,-950000,-900000
-750000,-700000,-900000,-850000
-750000,-700000,-850000,-800000
-750000,-700000,-800000,-750000
-750000,-700000,-750000,-700000
-750000,-700000,-700000,-650000
-750000,-700000,-650000,-600000
-750000,-700000,-600000,-550000
-750000,-700000,-550000,-500000
-750000,-700000,-500000,-450000
-750000,-700000,-450000,-400000
-750000,-700000,-400000,-350000
-750000,-700000,-350000,-300000
-750000,-700000,-300000,-250000
-750000,-700000,-250000,-200000
-750000,-700000,-200000,-150000
-750000,-700000,-150000,-100000
-750000,-700000,-100000,-50000
-750000,-700000,-50000,0
-750000,-700000,0,50000
-750000,-700000,50000,100000
-750000,-700000,100000,150000
-750000,-700000,150000,200000
-750000,-700000,200000,250000
-750000,-700000,250000,300000
-750000,-700000,300000,350000
-750000,-700000,350000,400000
-750000,-700000,400000,450000
-750000,-700000,450000,500000
-750000,-700000,500000,550000
-750000,-700000,550000,600000
-750000,-700000,600000,650000
-750000,-700000,650000,700000
-750000,-700000,700000,750000
-750000,-700000,750000,800000
-750000,-700000,800000,850000
-750000,-700000,850000,900000
-700000,-650000,-1300000,-1250000
-700000,-650000,-1250000,-1200000
-700000,-650000,-1200000,-1150000
-700000,-650000,-1150000,-1100000
-700000,-650000,-1100000,-1050000
-700000,-650000,-1050000,-1000000
-700000,-650000,-1000000,-950000
-700000,-650000,-950000,-900000
-700000,-650000,-900000,-850000
-700000,-650000,-850000,-800000
-700000,-650000,-800000,-750000
-700000,-650000,-750000,-700000
-700000,-650000,-700000,-650000
-700000,-650000,-650000,-600000
-700000,-650000,-600000,-550000
-700000,-650000,-550000,-500000
-700000,-650000,-500000,-450000
-700000,-650000,-450000,-400000
-700000,-650000,-400000,-350000
-700000,-650000,-350000,-300000
-700000,-650000,-300000,-250000
-700000,-650000,-250000,-200000
-700000,-650000,-200000,-150000
-700000,-650000,-150000,-100000
-700000,-650000,-100000,-50000
-700000,-650000,-50000,0
-700000,-650000,0,50000
-700000,-650000,50000,100000
-700000,-650000,100000,150000
-700000,-650000,150000,200000
-700000,-650000,200000,250000
-700000,-650000,250000,300000
-700000,-650000,300000,350000
-700000,-650000,350000,400000
-700000,-650000,400000,450000
-700000,-650000,450000,500000
-700000,-650000,500000,550000
-700000,-650000,550000,600000
-700000,-650000,600000,650000
-700000,-650000,650000,700000
-700000,-650000,700000,750000
-700000,-650000,750000,800000
-700000,-650000,800000,850000
-700000,-650000,850000,900000
-650000,-600000,-1300000,-1250000
-650000,-600000,-1250000,-1200000
-650000,-600000,-1200000,-1150000
-650000,-600000,-1150000,-1100000
-650000,-600000,-1100000,-1050000
-650000,-600000,-1050000,-1000000
-650000,-600000,-1000000,-950000
-650000,-600000,-950000,-900000
-650000,-600000,-900000,-850000
-650000,-600000,-850000,-800000
-650000,-600000,-800000,-750000
-650000,-600000,-750000,-700000
-650000,-600000,-700000,-650000
-650000,-600000,-650000,-600000
-650000,-600000,-600000,-550000
-650000,-600000,-550000,-500000
-650000,-600000,-500000,-450000
-650000,-600000,-450000,-400000
-650000,-600000,-400000,-350000
-650000,-600000,-350000,-300000
-650000,-600000,-300000,-250000
-650000,-600000,-250000,-200000
-650000,-600000,-200000,-150000
-650000,-600000,-150000,-100000
-650000,-600000,-100000,-50000
-650000,-600000,-50000,0
-650000,-600000,0,50000
-650000,-600000,50000,100000
-650000,-600000,100000,150000
-650000,-600000,150000,200000
-650000,-600000,200000,250000
-650000,-600000,250000,300000
-650000,-600000,300000,350000
-650000,-600000,350000,400000
-650000,-600000,400000,450000
-650000,-600000,450000,500000
-650000,-600000,500000,550000
-650000,-600000,550000,600000
-650000,-600000,600000,650000
-650000,-600000,650000,700000
-650000,-600000,700000,750000
-650000,-600000,750000,800000
-650000,-600000,800000,850000
-650000,-600000,850000,900000
-600000,-550000,-1300000,-1250000
-600000,-550000,-1250000,-1200000
-600000,-550000,-1200000,-1150000
-600000,-550000,-1150000,-1100000
-600000,-550000,-1100000,-1050000
-600000,-550000,-1050000,-1000000
-600000,-550000,-1000000,-950000
-600000,-550000,-950000,-900000
-600000,-550000,-900000,-850000
-600000,-550000,-850000,-800000
-600000,-550000,-800000,-750000
-600000,-550000,-750000,-700000
-600000,-550000,-700000,-650000
-600000,-550000,-650000,-600000
-600000,-550000,-600000,-550000
-600000,-550000,-550000,-500000
-600000,-550000,-500000,-450000
-600000,-550000,-450000,-400000
-600000,-550000,-400000,-350000
-600000,-550000,-350000,-300000
-600000,-550000,-300000,-250000
-600000,-550000,-250000,-200000
-600000,-550000,-200000,-150000
-600000,-550000,-150000,-100000
-600000,-550000,-100000,-50000
-600000,-550000,-50000,0
-600000,-550000,0,50000
-600000,-550000,50000,100000
-600000,-550000,100000,150000
-600000,-550000,150000,200000
-600000,-550000,200000,250000
-600000,-550000,250000,300000
-600000,-550000,300000,350000
-600000,-550000,350000,400000
-600000,-550000,400000,450000
-600000,-550000,450000,500000
-600000,-550000,500000,550000
-600000,-550000,550000,600000
-600000,-550000,600000,650000
-600000,-550000,650000,700000
-600000,-550000,700000,750000
-600000,-550000,750000,800000
-600000,-550000,800000,850000
-600000,-550000,850000,900000
-550000,-500000,-1300000,-1250000
-550000,-500000,-1250000,-1200000
-550000,-500000,-1200000,-1150000
-550000,-500000,-1150000,-1100000
-550000,-500000,-1100000,-1050000
-550000,-500000,-1050000,-1000000
-550000,-500000,-1000000,-950000
-550000,-500000,-950000,-900000
-550000,-500000,-900000,-850000
-550000,-500000,-850000,-800000
-550000,-500000,-800000,-750000
-550000,-500000,-750000,-700000
-550000,-500000,-700000,-650000
-550000,-500000,-650000,-600000
-550000,-500000,-600000,-550000
-550000,-500000,-550000,-500000
-550000,-500000,-500000,-450000
-550000,-500000,-450000,-400000
-550000,-500000,-400000,-350000
-550000,-500000,-350000,-300000
-550000,-500000,-300000,-250000
-550000,-500000,-250000,-200000
-550000,-500000,-200000,-150000
-550000,-500000,-150000,-100000
-550000,-500000,-100000,-50000
-550000,-500000,-50000,0
-550000,-500000,0,50000
-550000,-500000,50000,100000
-550000,-500000,100000,150000
-550000,-500000,150000,200000
-550000,-500000,200000,250000
-550000,-500000,250000,300000
-550000,-500000,300000,350000
-550000,-500000,350000,400000
-550000,-500000,400000,450000
-550000,-500000,450000,500000
-550000,-500000,500000,550000
-550000,-500000,550000,600000
-550000,-500000,600000,650000
-550000,-500000,650000,700000
-550000,-500000,700000,750000
-550000,-500000,750000,800000
-550000,-500000,800000,850000
-550000,-500000,850000,900000
-500000,-450000,-1300000,-1250000
-500000,-450000,-1250000,-1200000
-500000,-450000,-1200000,-1150000
-500000,-450000,-1150000,-1100000
-500000,-450000,-1100000,-1050000
-500000,-450000,-1050000,-1000000
-500000,-450000,-1000000,-950000
-500000,-450000,-950000,-900000
-500000,-450000,-900000,-850000
-500000,-450000,-850000,-800000
-500000,-450000,-800000,-750000
-500000,-450000,-750000,-700000
-500000,-450000,-700000,-650000
-500000,-450000,-650000,-600000
-500000,-450000,-600000,-550000
-500000,-450000,-550000,-500000
-500000,-450000,-500000,-450000
-500000,-450000,-450000,-400000
-500000,-450000,-400000,-350000
-500000,-450000,-350000,-300000
-500000,-450000,-300000,-250000
-500000,-450000,-250000,-200000
-500000,-450000,-200000,-150000
-500000,-450000,-150000,-100000
-500000,-450000,-100000,-50000
-500000,-450000,-50000,0
-500000,-450000,0,50000
-500000,-450000,50000,100000
-500000,-450000,100000,150000
-500000,-450000,150000,200000
-500000,-450000,200000,250000
-500000,-450000,250000,300000
-500000,-450000,300000,350000
-500000,-450000,350000,400000
-500000,-450000,400000,450000
-500000,-450000,450000,500000
-500000,-450000,500000,550000
-500000,-450000,550000,600000
-500000,-450000,600000,650000
-500000,-450000,650000,700000
-500000,-450000,700000,750000
-500000,-450000,750000,800000
-500000,-450000,800000,850000
-500000,-450000,850000,900000
-450000,-400000,-1300000,-1250000
-450000,-400000,-1250000,-1200000
-450000,-400000,-1200000,-1150000
-450000,-400000,-1150000,-1100000
-450000,-400000,-1100000,-1050000
-450000,-400000,-1050000,-1000000
-450000,-400000,-1000000,-950000
-450000,-400000,-950000,-900000
-450000,-400000,-900000,-850000
-450000,-400000,-850000,-800000
-450000,-400000,-800000,-750000
-450000,-400000,-750000,-700000
-450000,-400000,-700000,-650000
-450000,-400000,-650000,-600000
-450000,-400000,-600000,-550000
-450000,-400000,-550000,-500000
-450000,-400000,-500000,-450000
-450000,-400000,-450000,-400000
-450000,-400000,-400000,-350000
-450000,-400000,-350000,-300000
-450000,-400000,-300000,-250000
-450000,-400000,-250000,-200000
-450000,-400000,-200000,-150000
-450000,-400000,-150000,-100000
-450000,-400000,-100000,-50000
-450000,-400000,-50000,0
-450000,-400000,0,50000
-450000,-400000,50000,100000
-450000,-400000,100000,150000
-450000,-400000,150000,200000
-450000,-400000,200000,250000
-450000,-400000,250000,300000
-450000,-400000,300000,350000
-450000,-400000,350000,400000
-450000,-400000,400000,450000
-450000,-400000,450000,500000
-450000,-400000,500000,550000
-450000,-400000,550000,600000
-450000,-400000,600000,650000
-450000,-400000,650000,700000
-450000,-400000,700000,750000
-450000,-400000,750000,800000
-450000,-400000,800000,850000
-450000,-400000,850000,900000
-400000,-350000,-1300000,-1250000
-400000,-350000,-1250000,-1200000
-400000,-350000,-1200000,-1150000
-400000,-350000,-1150000,-1100000
-400000,-350000,-1100000,-1050000
-400000,-350000,-1050000,-1000000
-400000,-350000,-1000000,-950000
-400000,-350000,-950000,-900000
-400000,-350000,-900000,-850000
-400000,-350000,-850000,-800000
-400000,-350000,-800000,-750000
-400000,-350000,-750000,-700000
-400000,-350000,-700000,-650000
-400000,-350000,-650000,-600000
-400000,-350000,-600000,-550000
-400000,-350000,-550000,-500000
-400000,-350000,-500000,-450000
-400000,-350000,-450000,-400000
-400000,-350000,-400000,-350000
-400000,-350000,-350000,-300000
-400000,-350000,-300000,-250000
-400000,-350000,-250000,-200000
-400000,-350000,-200000,-150000
-400000,-350000,-150000,-100000
-400000,-350000,-100000,-50000
-400000,-350000,-50000,0
-400000,-350000,0,50000
-400000,-350000,50000,100000
-400000,-350000,100000,150000
-400000,-350000,150000,200000
-400000,-350000,200000,250000
-400000,-350000,250000,300000
-400000,-350000,300000,350000
-400000,-350000,350000,400000
-400000,-350000,400000,450000
-400000,-350000,450000,500000
-400000,-350000,500000,550000
-400000,-350000,550000,600000
-400000,-350000,600000,650000
-400000,-350000,650000,700000
-400000,-350000,700000,750000
-400000,-350000,750000,800000
-400000,-350000,800000,850000
-400000,-350000,850000,900000
-350000,-300000,-1300000,-1250000
-350000,-300000,-1250000,-1200000
-350000,-300000,-1200000,-1150000
-350000,-300000,-1150000,-1100000
-350000,-300000,-1100000,-1050000
-350000,-300000,-1050000,-1000000
-350000,-300000,-1000000,-950000
-350000,-300000,-950000,-900000
-350000,-300000,-900000,-850000
-350000,-300000,-850000,-800000
-350000,-300000,-800000,-750000
-350000,-300000,-750000,-700000
-350000,-300000,-700000,-650000
-350000,-300000,-650000,-600000
-350000,-300000,-600000,-550000
-350000,-300000,-550000,-500000
-350000,-300000,-500000,-450000
-350000,-300000,-450000,-400000
-350000,-300000,-400000,-350000
-350000,-300000,-350000,-300000
-350000,-300000,-300000,-250000
-350000,-300000,-250000,-200000
-350000,-300000,-200000,-150000
-350000,-300000,-150000,-100000
-350000,-300000,-100000,-50000
-350000,-300000,-50000,0
-350000,-300000,0,50000
-350000,-300000,50000,100000
-350000,-300000,100000,150000
-350000,-300000,150000,200000
-350000,-300000,200000,250000
-350000,-300000,250000,300000
-350000,-300000,300000,350000
-350000,-300000,350000,400000
-350000,-300000,400000,450000
-350000,-300000,450000,500000
-350000,-300000,500000,550000
-350000,-300000,550000,600000
-350000,-300000,600000,650000
-350000,-300000,650000,700000
-350000,-300000,700000,750000
-350000,-300000,750000,800000
-350000,-300000,800000,850000
-350000,-300000,850000,900000
-300000,-250000,-1300000,-1250000
-300000,-250000,-1250000,-1200000
-300000,-250000,-1200000,-1150000
-300000,-250000,-1150000,-1100000
-300000,-250000,-1100000,-1050000
-300000,-250000,-1050000,-1000000
-300000,-250000,-1000000,-950000
-300000,-250000,-950000,-900000
-300000,-250000,-900000,-850000
-300000,-250000,-850000,-800000
-300000,-250000,-800000,-750000
-300000,-250000,-750000,-700000
-300000,-250000,-700000,-650000
-300000,-250000,-650000,-600000
-300000,-250000,-600000,-550000
-300000,-250000,-550000,-500000
-300000,-250000,-500000,-450000
-300000,-250000,-450000,-400000
-300000,-250000,-400000,-350000
-300000,-250000,-350000,-300000
-300000,-250000,-300000,-250000
-300000,-250000,-250000,-200000
-300000,-250000,-200000,-150000
-300000,-250000,-150000,-100000
-300000,-250000,-100000,-50000
-300000,-250000,-50000,0
-300000,-250000,0,50000
-300000,-250000,50000,100000
-300000,-250000,100000,150000
-300000,-250000,150000,200000
-300000,-250000,200000,250000
-300000,-250000,250000,300000
-300000,-250000,300000,350000
-300000,-250000,350000,400000
-300000,-250000,400000,450000
-300000,-250000,450000,500000
-300000,-250000,500000,550000
-300000,-250000,550000,600000
-300000,-250000,600000,650000
-300000,-250000,650000,700000
-300000,-250000,700000,750000
-300000,-250000,750000,800000
-300000,-250000,800000,850000
-300000,-250000,850000,900000
-250000,-200000,-1300000,-1250000
-250000,-200000,-1250000,-1200000
-250000,-200000,-1200000,-1150000
-250000,-200000,-1150000,-1100000
-250000,-200000,-1100000,-1050000
-250000,-200000,-1050000,-1000000
-250000,-200000,-1000000,-950000
-250000,-200000,-950000,-900000
-250000,-200000,-900000,-850000
-250000,-200000,-850000,-800000
-250000,-200000,-800000,-750000
-250000,-200000,-750000,-700000
-250000,-200000,-700000,-650000
-250000,-200000,-650000,-600000
-250000,-200000,-600000,-550000
-250000,-200000,-550000,-500000
-250000,-200000,-500000,-450000
-250000,-200000,-450000,-400000
-250000,-200000,-400000,-350000
-250000,-200000,-350000,-300000
-250000,-200000,-300000,-250000
-250000,-200000,-250000,-200000
-250000,-200000,-200000,-150000
-250000,-200000,-150000,-100000
-250000,-200000,-100000,-50000
-250000,-200000,-50000,0
-250000,-200000,0,50000
-250000,-200000,50000,100000
-250000,-200000,100000,150000
-250000,-200000,150000,200000
-250000,-200000,200000,250000
-250000,-200000,250000,300000
-250000,-200000,300000,350000
-250000,-200000,350000,400000
-250000,-200000,400000,450000
-250000,-200000,450000,500000
-250000,-200000,500000,550000
-250000,-200000,550000,600000
-250000,-200000,600000,650000
-250000,-200000,650000,700000
-250000,-200000,700000,750000
-250000,-200000,750000,800000
-250000,-200000,800000,850000
-250000,-200000,850000,900000
-200000,-150000,-1300000,-1250000
-200000,-150000,-1250000,-1200000
-200000,-150000,-1200000,-1150000
-200000,-150000,-1150000,-1100000
-200000,-150000,-1100000,-1050000
-200000,-150000,-1050000,-1000000
-200000,-150000,-1000000,-950000
-200000,-150000,-950000,-900000
-200000,-150000,-900000,-850000
-200000,-150000,-850000,-800000
-200000,-150000,-800000,-750000
-200000,-150000,-750000,-700000
-200000,-150000,-700000,-650000
-200000,-150000,-650000,-600000
-200000,-150000,-600000,-550000
-200000,-150000,-550000,-500000
-200000,-150000,-500000,-450000
-200000,-150000,-450000,-400000
-200000,-150000,-400000,-350000
-200000,-150000,-350000,-300000
-200000,-150000,-300000,-250000
-200000,-150000,-250000,-200000
-200000,-150000,-200000,-150000
-200000,-150000,-150000,-100000
-200000,-150000,-100000,-50000
-200000,-150000,-50000,0
-200000,-150000,0,50000
-200000,-150000,50000,100000
-200000,-150000,100000,150000
-200000,-150000,150000,200000
-200000,-150000,200000,250000
-200000,-150000,250000,300000
-200000,-150000,300000,350000
-200000,-150000,350000,400000
-200000,-150000,400000,450000
-200000,-150000,450000,500000
-200000,-150000,500000,550000
-200000,-150000,550000,600000
-200000,-150000,600000,650000
-200000,-150000,650000,700000
-200000,-150000,700000,750000
-200000,-150000,750000,800000
-200000,-150000,800000,850000
-200000,-150000,850000,900000
-150000,-100000,-1300000,-1250000
-150000,-100000,-1250000,-1200000
-150000,-100000,-1200000,-1150000
-150000,-100000,-1150000,-1100000
-150000,-100000,-1100000,-1050000
-150000,-100000,-1050000,-1000000
-150000,-100000,-1000000,-950000
-150000,-100000,-950000,-900000
-150000,-100000,-900000,-850000
-150000,-100000,-850000,-800000
-150000,-100000,-800000,-750000
-150000,-100000,-750000,-700000
-150000,-100000,-700000,-650000
-150000,-100000,-650000,-600000
-150000,-100000,-600000,-550000
-150000,-100000,-550000,-500000
-150000,-100000,-500000,-450000
-150000,-100000,-450000,-400000
-150000,-100000,-400000,-350000
-150000,-100000,-350000,-300000
-150000,-100000,-300000,-250000
-150000,-100000,-250000,-200000
-150000,-100000,-200000,-150000
-150000,-100000,-150000,-100000
-150000,-100000,-100000,-50000
-150000,-100000,-50000,0
-150000,-100000,0,50000
-150000,-100000,50000,100000
-150000,-100000,100000,150000
-150000,-100000,150000,200000
-150000,-100000,200000,250000
-150000,-100000,250000,300000
-150000,-100000,300000,350000
-150000,-100000,350000,400000
-150000,-100000,400000,450000
-150000,-100000,450000,500000
-150000,-100000,500000,550000
-150000,-100000,550000,600000
-150000,-100000,600000,650000
-150000,-100000,650000,700000
-150000,-100000,700000,750000
-150000,-100000,750000,800000
-150000,-100000,800000,850000
-150000,-100000,850000,900000
-100000,-50000,-1300000,-1250000
-100000,-50000,-1250000,-1200000
-100000,-50000,-1200000,-1150000
-100000,-50000,-1150000,-1100000
-100000,-50000,-1100000,-1050000
-100000,-50000,-1050000,-1000000
-100000,-50000,-1000000,-950000
-100000,-50000,-950000,-900000
-100000,-50000,-900000,-850000
-100000,-50000,-850000,-800000
-100000,-50000,-800000,-750000
-100000,-50000,-750000,-700000
-100000,-50000,-700000,-650000
-100000,-50000,-650000,-600000
-100000,-50000,-600000,-550000
-100000,-50000,-550000,-500000
-100000,-50000,-500000,-450000
-100000,-50000,-450000,-400000
-100000,-50000,-400000,-350000
-100000,-50000,-350000,-300000
-100000,-50000,-300000,-250000
-100000,-50000,-250000,-200000
-100000,-50000,-200000,-150000
-100000,-50000,-150000,-100000
-100000,-50000,-100000,-50000
-100000,-50000,-50000,0
-100000,-50000,0,50000
-100000,-50000,50000,100000
-100000,-50000,100000,150000
-100000,-50000,150000,200000
-100000,-50000,200000,250000
-100000,-50000,250000,300000
-100000,-50000,300000,350000
-100000,-50000,350000,400000
-100000,-50000,400000,450000
-100000,-50000,450000,500000
-100000,-50000,500000,550000
-100000,-50000,550000,600000
-100000,-50000,600000,650000
-100000,-50000,650000,700000
-100000,-50000,700000,750000
-100000,-50000,750000,800000
-100000,-50000,800000,850000
-100000,-50000,850000,900000
-50000,0,-1300000,-1250000
-50000,0,-1250000,-1200000
-50000,0,-1200000,-1150000
-50000,0,-1150000,-1100000
-50000,0,-1100000,-1050000
-50000,0,-1050000,-1000000
-50000,0,-1000000,-950000
-50000,0,-950000,-900000
-50000,0,-900000,-850000
-50000,0,-850000,-800000
-50000,0,-800000,-750000
-50000,0,-750000,-700000
-50000,0,-700000,-650000
-50000,0,-650000,-600000
-50000,0,-600000,-550000
-50000,0,-550000,-500000
-50000,0,-500000,-450000
-50000,0,-450000,-400000
-50000,0,-400000,-350000
-50000,0,-350000,-300000
-50000,0,-300000,-250000
-50000,0,-250000,-200000
-50000,0,-200000,-150000
-50000,0,-150000,-100000
-50000,0,-100000,-50000
-50000,0,-50000,0
-50000,0,0,50000
-50000,0,50000,100000
-50000,0,100000,150000
-50000,0,150000,200000
-50000,0,200000,250000
-50000,0,250000,300000
-50000,0,300000,350000
-50000,0,350000,400000
-50000,0,400000,450000
-50000,0,450000,500000
-50000,0,500000,550000
-50000,0,550000,600000
-50000,0,600000,650000
-50000,0,650000,700000
-50000,0,700000,750000
-50000,0,750000,800000
-50000,0,800000,850000
-50000,0,850000,900000
0,50000,-1300000,-1250000
0,50000,-1250000,-1200000
0,50000,-1200000,-1150000
0,50000,-1150000,-1100000
0,50000,-1100000,-1050000
0,50000,-1050000,-1000000
0,50000,-1000000,-950000
0,50000,-950000,-900000
0,50000,-900000,-850000
0,50000,-850000,-800000
0,50000,-800000,-750000
0,50000,-750000,-700000
0,50000,-700000,-650000
0,50000,-650000,-600000
0,50000,-600000,-550000
0,50000,-550000,-500000
0,50000,-500000,-450000
0,50000,-450000,-400000
0,50000,-400000,-350000
0,50000,-350000,-300000
0,50000,-300000,-250000
0,50000,-250000,-200000
0,50000,-200000,-150000
0,50000,-150000,-100000
0,50000,-100000,-50000
0,50000,-50000,0
0,50000,0,50000
0,50000,50000,100000
0,50000,100000,150000
0,50000,150000,200000
0,50000,200000,250000
0,50000,250000,300000
0,50000,300000,350000
0,50000,350000,400000
0,50000,400000,450000
0,50000,450000,500000
0,50000,500000,550000
0,50000,550000,600000
0,50000,600000,650000
0,50000,650000,700000
0,50000,700000,750000
0,50000,750000,800000
0,50000,800000,850000
0,50000,850000,900000
50000,100000,-1300000,-1250000
50000,100000,-1250000,-1200000
50000,100000,-1200000,-1150000
50000,100000,-1150000,-1100000
50000,100000,-1100000,-1050000
50000,100000,-1050000,-1000000
50000,100000,-1000000,-950000
50000,100000,-950000,-900000
50000,100000,-900000,-850000
50000,100000,-850000,-800000
50000,100000,-800000,-750000
50000,100000,-750000,-700000
50000,100000,-700000,-650000
50000,100000,-650000,-600000
50000,100000,-600000,-550000
50000,100000,-550000,-500000
50000,100000,-500000,-450000
50000,100000,-450000,-400000
50000,100000,-400000,-350000
50000,100000,-350000,-300000
50000,100000,-300000,-250000
50000,100000,-250000,-200000
50000,100000,-200000,-150000
50000,100000,-150000,-100000
50000,100000,-100000,-50000
50000,100000,-50000,0
50000,100000,0,50000
50000,100000,50000,100000
50000,100000,100000,150000
50000,100000,150000,200000
50000,100000,200000,250000
50000,100000,250000,300000
50000,100000,300000,350000
50000,100000,350000,400000
50000,100000,400000,450000
50000,100000,450000,500000
50000,100000,500000,550000
50000,100000,550000,600000
50000,100000,600000,650000
50000,100000,650000,700000
50000,100000,700000,750000
50000,100000,750000,800000
50000,100000,800000,850000
50000,100000,850000,900000
100000,150000,-1300000,-1250000
100000,150000,-1250000,-1200000
100000,150000,-1200000,-1150000
100000,150000,-1150000,-1100000
100000,150000,-1100000,-1050000
100000,150000,-1050000,-1000000
100000,150000,-1000000,-950000
100000,150000,-950000,-900000
100000,150000,-900000,-850000
100000,150000,-850000,-800000
100000,150000,-800000,-750000
100000,150000,-750000,-700000
100000,150000,-700000,-650000
100000,150000,-650000,-600000
100000,150000,-600000,-550000
100000,150000,-550000,-500000
100000,150000,-500000,-450000
100000,150000,-450000,-400000
100000,150000,-400000,-350000
100000,150000,-350000,-300000
100000,150000,-300000,-250000
100000,150000,-250000,-200000
100000,150000,-200000,-150000
100000,150000,-150000,-100000
100000,150000,-100000,-50000
100000,150000,-50000,0
100000,150000,0,50000
100000,150000,50000,100000
100000,150000,100000,150000
100000,150000,150000,200000
100000,150000,200000,250000
100000,150000,250000,300000
100000,150000,300000,350000
100000,150000,350000,400000
100000,150000,400000,450000
100000,150000,450000,500000
100000,150000,500000,550000
100000,150000,550000,600000
100000,150000,600000,650000
100000,150000,650000,700000
100000,150000,700000,750000
100000,150000,750000,800000
100000,150000,800000,850000
100000,150000,850000,900000
150000,200000,-1300000,-1250000
150000,200000,-1250000,-1200000
150000,200000,-1200000,-1150000
150000,200000,-1150000,-1100000
150000,200000,-1100000,-1050000
150000,200000,-1050000,-1000000
150000,200000,-1000000,-950000
150000,200000,-950000,-900000
150000,200000,-900000,-850000
150000,200000,-850000,-800000
150000,200000,-800000,-750000
150000,200000,-750000,-700000
150000,200000,-700000,-650000
150000,200000,-650000,-600000
150000,200000,-600000,-550000
150000,200000,-550000,-500000
150000,200000,-500000,-450000
150000,200000,-450000,-400000
150000,200000,-400000,-350000
150000,200000,-350000,-300000
150000,200000,-300000,-250000
150000,200000,-250000,-200000
150000,200000,-200000,-150000
150000,200000,-150000,-100000
150000,200000,-100000,-50000
150000,200000,-50000,0
150000,200000,0,50000
150000,200000,50000,100000
150000,200000,100000,150000
150000,200000,150000,200000
150000,200000,200000,250000
150000,200000,250000,300000
150000,200000,300000,350000
150000,200000,350000,400000
150000,200000,400000,450000
150000,200000,450000,500000
150000,200000,500000,550000
150000,200000,550000,600000
150000,200000,600000,650000
150000,200000,650000,700000
150000,200000,700000,750000
150000,200000,750000,800000
150000,200000,800000,850000
150000,200000,850000,900000
200000,250000,-1300000,-1250000
200000,250000,-1250000,-1200000
200000,250000,-1200000,-1150000
200000,250000,-1150000,-1100000
200000,250000,-1100000,-1050000
200000,250000,-1050000,-1000000
200000,250000,-1000000,-950000
200000,250000,-950000,-900000
200000,250000,-900000,-850000
200000,250000,-850000,-800000
200000,250000,-800000,-750000
200000,250000,-750000,-700000
200000,250000,-700000,-650000
200000,250000,-650000,-600000
200000,250000,-600000,-550000
200000,250000,-550000,-500000
200000,250000,-500000,-450000
200000,250000,-450000,-400000
200000,250000,-400000,-350000
200000,250000,-350000,-300000
200000,250000,-300000,-250000
200000,250000,-250000,-200000
200000,250000,-200000,-150000
200000,250000,-150000,-100000
200000,250000,-100000,-50000
200000,250000,-50000,0
200000,250000,0,50000
200000,250000,50000,100000
200000,250000,100000,150000
200000,250000,150000,200000
200000,250000,200000,250000
200000,250000,250000,300000
200000,250000,300000,350000
200000,250000,350000,400000
200000,250000,400000,450000
200000,250000,450000,500000
200000,250000,500000,550000
200000,250000,550000,600000
200000,250000,600000,650000
200000,250000,650000,700000
200000,250000,700000,750000
200000,250000,750000,800000
200000,250000,800000,850000
200000,250000,850000,900000
250000,300000,-1300000,-1250000
250000,300000,-1250000,-1200000
250000,300000,-1200000,-1150000
250000,300000,-1150000,-1100000
250000,300000,-1100000,-1050000
250000,300000,-1050000,-1000000
250000,300000,-1000000,-950000
250000,300000,-950000,-900000
250000,300000,-900000,-850000
250000,300000,-850000,-800000
250000,300000,-800000,-750000
250000,300000,-750000,-700000
250000,300000,-700000,-650000
250000,300000,-650000,-600000
250000,300000,-600000,-550000
250000,300000,-550000,-500000
250000,300000,-500000,-450000
250000,300000,-450000,-400000
250000,300000,-400000,-350000
250000,300000,-350000,-300000
250000,300000,-300000,-250000
250000,300000,-250000,-200000
250000,300000,-200000,-150000
250000,300000,-150000,-100000
250000,300000,-100000,-50000
250000,300000,-50000,0
250000,300000,0,50000
250000,300000,50000,100000
250000,300000,100000,150000
250000,300000,150000,200000
250000,300000,200000,250000
250000,300000,250000,300000
250000,300000,300000,350000
250000,300000,350000,400000
250000,300000,400000,450000
250000,300000,450000,500000
250000,300000,500000,550000
250000,300000,550000,600000
250000,300000,600000,650000
250000,300000,650000,700000
250000,300000,700000,750000
250000,300000,750000,800000
250000,300000,800000,850000
250000,300000,850000,900000
300000,350000,-1300000,-1250000
300000,350000,-1250000,-1200000
300000,350000,-1200000,-1150000
300000,350000,-1150000,-1100000
300000,350000,-1100000,-1050000
300000,350000,-1050000,-1000000
300000,350000,-1000000,-950000
300000,350000,-950000,-900000
300000,350000,-900000,-850000
300000,350000,-850000,-800000
300000,350000,-800000,-750000
300000,350000,-750000,-700000
300000,350000,-700000,-650000
300000,350000,-650000,-600000
300000,350000,-600000,-550000
300000,350000,-550000,-500000
300000,350000,-500000,-450000
300000,350000,-450000,-400000
300000,350000,-400000,-350000
300000,350000,-350000,-300000
300000,350000,-300000,-250000
300000,350000,-250000,-200000
300000,350000,-200000,-150000
300000,350000,-150000,-100000
300000,350000,-100000,-50000
300000,350000,-50000,0
300000,350000,0,50000
300000,350000,50000,100000
300000,350000,100000,150000
300000,350000,150000,200000
300000,350000,200000,250000
300000,350000,250000,300000
300000,350000,300000,350000
300000,350000,350000,400000
300000,350000,400000,450000
300000,350000,450000,500000
300000,350000,500000,550000
300000,350000,550000,600000
300000,350000,600000,650000
300000,350000,650000,700000
300000,350000,700000,750000
300000,350000,750000,800000
300000,350000,800000,850000
300000,350000,850000,900000
350000,400000,-1300000,-1250000
350000,400000,-1250000,-1200000
350000,400000,-1200000,-1150000
350000,400000,-1150000,-1100000
350000,400000,-1100000,-1050000
350000,400000,-1050000,-1000000
350000,400000,-1000000,-950000
350000,400000,-950000,-900000
350000,400000,-900000,-850000
350000,400000,-850000,-800000
350000,400000,-800000,-750000
350000,400000,-750000,-700000
350000,400000,-700000,-650000
350000,400000,-650000,-600000
350000,400000,-600000,-550000
350000,400000,-550000,-500000
350000,400000,-500000,-450000
350000,400000,-450000,-400000
350000,400000,-400000,-350000
350000,400000,-350000,-300000
350000,400000,-300000,-250000
350000,400000,-250000,-200000
350000,400000,-200000,-150000
350000,400000,-150000,-100000
350000,400000,-100000,-50000
350000,400000,-50000,0
350000,400000,0,50000
350000,400000,50000,100000
350000,400000,100000,150000
350000,400000,150000,200000
350000,400000,200000,250000
350000,400000,250000,300000
350000,400000,300000,350000
350000,400000,350000,400000
350000,400000,400000,450000
350000,400000,450000,500000
350000,400000,500000,550000
350000,400000,550000,600000
350000,400000,600000,650000
350000,400000,650000,700000
350000,400000,700000,750000
350000,400000,750000,800000
350000,400000,800000,850000
350000,400000,850000,900000
400000,450000,-1300000,-1250000
400000,450000,-1250000,-1200000
400000,450000,-1200000,-1150000
400000,450000,-1150000,-1100000
400000,450000,-1100000,-1050000
400000,450000,-1050000,-1000000
400000,450000,-1000000,-950000
400000,450000,-950000,-900000
400000,450000,-900000,-850000
400000,450000,-850000,-800000
400000,450000,-800000,-750000
400000,450000,-750000,-700000
400000,450000,-700000,-650000
400000,450000,-650000,-600000
400000,450000,-600000,-550000
400000,450000,-550000,-500000
400000,450000,-500000,-450000
400000,450000,-450000,-400000
400000,450000,-400000,-350000
400000,450000,-350000,-300000
400000,450000,-300000,-250000
400000,450000,-250000,-200000
400000,450000,-200000,-150000
400000,450000,-150000,-100000
400000,450000,-100000,-50000
400000,450000,-50000,0
400000,450000,0,50000
400000,450000,50000,100000
400000,450000,100000,150000
400000,450000,150000,200000
400000,450000,200000,250000
400000,450000,250000,300000
400000,450000,300000,350000
400000,450000,350000,400000
400000,450000,400000,450000
400000,450000,450000,500000
400000,450000,500000,550000
400000,450000,550000,600000
400000,450000,600000,650000
400000,450000,650000,700000
400000,450000,700000,750000
400000,450000,750000,800000
400000,450000,800000,850000
400000,450000,850000,900000
450000,500000,-1300000,-1250000
450000,500000,-1250000,-1200000
450000,500000,-1200000,-1150000
450000,500000,-1150000,-1100000
450000,500000,-1100000,-1050000
450000,500000,-1050000,-1000000
450000,500000,-1000000,-950000
450000,500000,-950000,-900000
450000,500000,-900000,-850000
450000,500000,-850000,-800000
450000,500000,-800000,-750000
450000,500000,-750000,-700000
450000,500000,-700000,-650000
450000,500000,-650000,-600000
450000,500000,-600000,-550000
450000,500000,-550000,-500000
450000,500000,-500000,-450000
450000,500000,-450000,-400000
450000,500000,-400000,-350000
450000,500000,-350000,-300000
450000,500000,-300000,-250000
450000,500000,-250000,-200000
450000,500000,-200000,-150000
450000,500000,-150000,-100000
450000,500000,-100000,-50000
450000,500000,-50000,0
450000,500000,0,50000
450000,500000,50000,100000
450000,500000,100000,150000
450000,500000,150000,200000
450000,500000,200000,250000
450000,500000,250000,300000
450000,500000,300000,350000
450000,500000,350000,400000
450000,500000,400000,450000
450000,500000,450000,500000
450000,500000,500000,550000
450000,500000,550000,600000
450000,500000,600000,650000
450000,500000,650000,700000
450000,500000,700000,750000
450000,500000,750000,800000
450000,500000,800000,850000
450000,500000,850000,900000
500000,550000,-1300000,-1250000
500000,550000,-1250000,-1200000
500000,550000,-1200000,-1150000
500000,550000,-1150000,-1100000
500000,550000,-1100000,-1050000
500000,550000,-1050000,-1000000
500000,550000,-1000000,-950000
500000,550000,-950000,-900000
500000,550000,-900000,-850000
500000,550000,-850000,-800000
500000,550000,-800000,-750000
500000,550000,-750000,-700000
500000,550000,-700000,-650000
500000,550000,-650000,-600000
500000,550000,-600000,-550000
500000,550000,-550000,-500000
500000,550000,-500000,-450000
500000,550000,-450000,-400000
500000,550000,-400000,-350000
500000,550000,-350000,-300000
500000,550000,-300000,-250000
500000,550000,-250000,-200000
500000,550000,-200000,-150000
500000,550000,-150000,-100000
500000,550000,-100000,-50000
500000,550000,-50000,0
500000,550000,0,50000
500000,550000,50000,100000
500000,550000,100000,150000
500000,550000,150000,200000
500000,550000,200000,250000
500000,550000,250000,300000
500000,550000,300000,350000
500000,550000,350000,400000
500000,550000,400000,450000
500000,550000,450000,500000
500000,550000,500000,550000
500000,550000,550000,600000
500000,550000,600000,650000
500000,550000,650000,700000
500000,550000,700000,750000
500000,550000,750000,800000
500000,550000,800000,850000
500000,550000,850000,900000
550000,600000,-1300000,-1250000
550000,600000,-1250000,-1200000
550000,600000,-1200000,-1150000
550000,600000,-1150000,-1100000
550000,600000,-1100000,-1050000
550000,600000,-1050000,-1000000
550000,600000,-1000000,-950000
550000,600000,-950000,-900000
550000,600000,-900000,-850000
550000,600000,-850000,-800000
550000,600000,-800000,-750000
550000,600000,-750000,-700000
550000,600000,-700000,-650000
550000,600000,-650000,-600000
550000,600000,-600000,-550000
550000,600000,-550000,-500000
550000,600000,-500000,-450000
550000,600000,-450000,-400000
550000,600000,-400000,-350000
550000,600000,-350000,-300000
550000,600000,-300000,-250000
550000,600000,-250000,-200000
550000,600000,-200000,-150000
550000,600000,-150000,-100000
550000,600000,-100000,-50000
550000,600000,-50000,0
550000,600000,0,50000
550000,600000,50000,100000
550000,600000,100000,150000
550000,600000,150000,200000
550000,600000,200000,250000
550000,600000,250000,300000
550000,600000,300000,350000
550000,600000,350000,400000
550000,600000,400000,450000
550000,600000,450000,500000
550000,600000,500000,550000
550000,600000,550000,600000
550000,600000,600000,650000
550000,600000,650000,700000
550000,600000,700000,750000
550000,600000,750000,800000
550000,600000,800000,850000
550000,600000,850000,900000
600000,650000,-1300000,-1250000
600000,650000,-1250000,-1200000
600000,650000,-1200000,-1150000
600000,650000,-1150000,-1100000
600000,650000,-1100000,-1050000
600000,650000,-1050000,-1000000
600000,650000,-1000000,-950000
600000,650000,-950000,-900000
600000,650000,-900000,-850000
600000,650000,-850000,-800000
600000,650000,-800000,-750000
600000,650000,-750000,-700000
600000,650000,-700000,-650000
600000,650000,-650000,-600000
600000,650000,-600000,-550000
600000,650000,-550000,-500000
600000,650000,-500000,-450000
600000,650000,-450000,-400000
600000,650000,-400000,-350000
600000,650000,-350000,-300000
600000,650000,-300000,-250000
600000,650000,-250000,-200000
600000,650000,-200000,-150000
600000,650000,-150000,-100000
600000,650000,-100000,-50000
600000,650000,-50000,0
600000,650000,0,50000
600000,650000,50000,100000
600000,650000,100000,150000
600000,650000,150000,200000
600000,650000,200000,250000
600000,650000,250000,300000
600000,650000,300000,350000
600000,650000,350000,400000
600000,650000,400000,450000
600000,650000,450000,500000
600000,650000,500000,550000
600000,650000,550000,600000
600000,650000,600000,650000
600000,650000,650000,700000
600000,650000,700000,750000
600000,650000,750000,800000
600000,650000,800000,850000
600000,650000,850000,900000
650000,700000,-1300000,-1250000
650000,700000,-1250000,-1200000
650000,700000,-1200000,-1150000
650000,700000,-1150000,-1100000
650000,700000,-1100000,-1050000
650000,700000,-1050000,-1000000
650000,700000,-1000000,-950000
650000,700000,-950000,-900000
650000,700000,-900000,-850000
650000,700000,-850000,-800000
650000,700000,-800000,-750000
650000,700000,-750000,-700000
650000,700000,-700000,-650000
650000,700000,-650000,-600000
650000,700000,-600000,-550000
650000,700000,-550000,-500000
650000,700000,-500000,-450000
650000,700000,-450000,-400000
650000,700000,-400000,-350000
650000,700000,-350000,-300000
650000,700000,-300000,-250000
650000,700000,-250000,-200000
650000,700000,-200000,-150000
650000,700000,-150000,-100000
650000,700000,-100000,-50000
650000,700000,-50000,0
650000,700000,0,50000
650000,700000,50000,100000
650000,700000,100000,150000
650000,700000,150000,200000
650000,700000,200000,250000
650000,700000,250000,300000
650000,700000,300000,350000
650000,700000,350000,400000
650000,700000,400000,450000
650000,700000,450000,500000
650000,700000,500000,550000
650000,700000,550000,600000
650000,700000,600000,650000
650000,700000,650000,700000
650000,700000,700000,750000
650000,700000,750000,800000
650000,700000,800000,850000
650000,700000,850000,900000
700000,750000,-1300000,-1250000
700000,750000,-1250000,-1200000
700000,750000,-1200000,-1150000
700000,750000,-1150000,-1100000
700000,750000,-1100000,-1050000
700000,750000,-1050000,-1000000
700000,750000,-1000000,-950000
700000,750000,-950000,-900000
700000,750000,-900000,-850000
700000,750000,-850000,-800000
700000,750000,-800000,-750000
700000,750000,-750000,-700000
700000,750000,-700000,-650000
700000,750000,-650000,-600000
700000,750000,-600000,-550000
700000,750000,-550000,-500000
700000,750000,-500000,-450000
700000,750000,-450000,-400000
700000,750000,-400000,-350000
700000,750000,-350000,-300000
700000,750000,-300000,-250000
700000,750000,-250000,-200000
700000,750000,-200000,-150000
700000,750000,-150000,-100000
700000,750000,-100000,-50000
700000,750000,-50000,0
700000,750000,0,50000
700000,750000,50000,100000
700000,750000,100000,150000
700000,750000,150000,200000
700000,750000,200000,250000
700000,750000,250000,300000
700000,750000,300000,350000
700000,750000,350000,400000
700000,750000,400000,450000
700000,750000,450000,500000
700000,750000,500000,550000
700000,750000,550000,600000
700000,750000,600000,650000
700000,750000,650000,700000
700000,750000,700000,750000
700000,750000,750000,800000
700000,750000,800000,850000
700000,750000,850000,900000
750000,800000,-1300000,-1250000
750000,800000,-1250000,-1200000
750000,800000,-1200000,-1150000
750000,800000,-1150000,-1100000
750000,800000,-1100000,-1050000
750000,800000,-1050000,-1000000
750000,800000,-1000000,-950000
750000,800000,-950000,-900000
750000,800000,-900000,-850000
750000,800000,-850000,-800000
750000,800000,-800000,-750000
750000,800000,-750000,-700000
750000,800000,-700000,-650000
750000,800000,-650000,-600000
750000,800000,-600000,-550000
750000,800000,-550000,-500000
750000,800000,-500000,-450000
750000,800000,-450000,-400000
750000,800000,-400000,-350000
750000,800000,-350000,-300000
750000,800000,-300000,-250000
750000,800000,-250000,-200000
750000,800000,-200000,-150000
750000,800000,-150000,-100000
750000,800000,-100000,-50000
750000,800000,-50000,0
750000,800000,0,50000
750000,800000,50000,100000
750000,800000,100000,150000
750000,800000,150000,200000
750000,800000,200000,250000
750000,800000,250000,300000
750000,800000,300000,350000
750000,800000,350000,400000
750000,800000,400000,450000
750000,800000,450000,500000
750000,800000,500000,550000
750000,800000,550000,600000
750000,800000,600000,650000
750000,800000,650000,700000
750000,800000,700000,750000
750000,800000,750000,800000
750000,800000,800000,850000
750000,800000,850000,900000
800000,850000,-1300000,-1250000
800000,850000,-1250000,-1200000
800000,850000,-1200000,-1150000
800000,850000,-1150000,-1100000
800000,850000,-1100000,-1050000
800000,850000,-1050000,-1000000
800000,850000,-1000000,-950000
800000,850000,-950000,-900000
800000,850000,-900000,-850000
800000,850000,-850000,-800000
800000,850000,-800000,-750000
800000,850000,-750000,-700000
800000,850000,-700000,-650000
800000,850000,-650000,-600000
800000,850000,-600000,-550000
800000,850000,-550000,-500000
800000,850000,-500000,-450000
800000,850000,-450000,-400000
800000,850000,-400000,-350000
800000,850000,-350000,-300000
800000,850000,-300000,-250000
800000,850000,-250000,-200000
800000,850000,-200000,-150000
800000,850000,-150000,-100000
800000,850000,-100000,-50000
800000,850000,-50000,0
800000,850000,0,50000
800000,850000,50000,100000
800000,850000,100000,150000
800000,850000,150000,200000
800000,850000,200000,250000
800000,850000,250000,300000
800000,850000,300000,350000
800000,850000,350000,400000
800000,850000,400000,450000
800000,850000,450000,500000
800000,850000,500000,550000
800000,850000,550000,600000
800000,850000,600000,650000
800000,850000,650000,700000
800000,850000,700000,750000
800000,850000,750000,800000
800000,850000,800000,850000
800000,850000,850000,900000
850000,900000,-1300000,-1250000
850000,900000,-1250000,-1200000
850000,900000,-1200000,-1150000
850000,900000,-1150000,-1100000
850000,900000,-1100000,-1050000
850000,900000,-1050000,-1000000
850000,900000,-1000000,-950000
850000,900000,-950000,-900000
850000,900000,-900000,-850000
850000,900000,-850000,-800000
850000,900000,-800000,-750000
850000,900000,-750000,-700000
850000,900000,-700000,-650000
850000,900000,-650000,-600000
850000,900000,-600000,-550000
850000,900000,-550000,-500000
850000,900000,-500000,-450000
850000,900000,-450000,-400000
850000,900000,-400000,-350000
850000,900000,-350000,-300000
850000,900000,-300000,-250000
850000,900000,-250000,-200000
850000,900000,-200000,-150000
850000,900000,-150000,-100000
850000,900000,-100000,-50000
850000,900000,-50000,0
850000,900000,0,50000
850000,900000,50000,100000
850000,900000,100000,150000
850000,900000,150000,200000
850000,900000,200000,250000
850000,900000,250000,300000
850000,900000,300000,350000
850000,900000,350000,400000
850000,900000,400000,450000
850000,900000,450000,500000
850000,900000,500000,550000
850000,900000,550000,600000
850000,900000,600000,650000
850000,900000,650000,700000
850000,900000,700000,750000
850000,900000,750000,800000
850000,900000,800000,850000
850000,900000,850000,900000
900000,950000,-1300000,-1250000
900000,950000,-1250000,-1200000
900000,950000,-1200000,-1150000
900000,950000,-1150000,-1100000
900000,950000,-1100000,-1050000
900000,950000,-1050000,-1000000
900000,950000,-1000000,-950000
900000,950000,-950000,-900000
900000,950000,-900000,-850000
900000,950000,-850000,-800000
900000,950000,-800000,-750000
900000,950000,-750000,-700000
900000,950000,-700000,-650000
900000,950000,-650000,-600000
900000,950000,-600000,-550000
900000,950000,-550000,-500000
900000,950000,-500000,-450000
900000,950000,-450000,-400000
900000,950000,-400000,-350000
900000,950000,-350000,-300000
900000,950000,-300000,-250000
900000,950000,-250000,-200000
900000,950000,-200000,-150000
900000,950000,-150000,-100000
900000,950000,-100000,-50000
900000,950000,-50000,0
900000,950000,0,50000
900000,950000,50000,100000
900000,950000,100000,150000
900000,950000,150000,200000
900000,950000,200000,250000
900000,950000,250000,300000
900000,950000,300000,350000
900000,950000,350000,400000
900000,950000,400000,450000
900000,950000,450000,500000
900000,950000,500000,550000
900000,950000,550000,600000
900000,950000,600000,650000
900000,950000,650000,700000
900000,950000,700000,750000
900000,950000,750000,800000
900000,950000,800000,850000
900000,950000,850000,900000
950000,1000000,-1300000,-1250000
950000,1000000,-1250000,-1200000
950000,1000000,-1200000,-1150000
950000,1000000,-1150000,-1100000
950000,1000000,-1100000,-1050000
950000,1000000,-1050000,-1000000
950000,1000000,-1000000,-950000
950000,1000000,-950000,-900000
950000,1000000,-900000,-850000
950000,1000000,-850000,-800000
950000,1000000,-800000,-750000
950000,1000000,-750000,-700000
950000,1000000,-700000,-650000
950000,1000000,-650000,-600000
950000,1000000,-600000,-550000
950000,1000000,-550000,-500000
950000,1000000,-500000,-450000
950000,1000000,-450000,-400000
950000,1000000,-400000,-350000
950000,1000000,-350000,-300000
950000,1000000,-300000,-250000
950000,1000000,-250000,-200000
950000,1000000,-200000,-150000
950000,1000000,-150000,-100000
950000,1000000,-100000,-50000
950000,1000000,-50000,0
950000,1000000,0,50000
950000,1000000,50000,100000
950000,1000000,100000,150000
950000,1000000,150000,200000
950000,1000000,200000,250000
950000,1000000,250000,300000
950000,1000000,300000,350000
950000,1000000,350000,400000
950000,1000000,400000,450000
950000,1000000,450000,500000
950000,1000000,500000,550000
950000,1000000,550000,600000
950000,1000000,600000,650000
950000,1000000,650000,700000
950000,1000000,700000,750000
950000,1000000,750000,800000
950000,1000000,800000,850000
950000,1000000,850000,900000
1000000,1050000,-1300000,-1250000
1000000,1050000,-1250000,-1200000
1000000,1050000,-1200000,-1150000
1000000,1050000,-1150000,-1100000
1000000,1050000,-1100000,-1050000
1000000,1050000,-1050000,-1000000
1000000,1050000,-1000000,-950000
1000000,1050000,-950000,-900000
1000000,1050000,-900000,-850000
1000000,1050000,-850000,-800000
1000000,1050000,-800000,-750000
1000000,1050000,-750000,-700000
1000000,1050000,-700000,-650000
1000000,1050000,-650000,-600000
1000000,1050000,-600000,-550000
1000000,1050000,-550000,-500000
1000000,1050000,-500000,-450000
1000000,1050000,-450000,-400000
1000000,1050000,-400000,-350000
1000000,1050000,-350000,-300000
1000000,1050000,-300000,-250000
1000000,1050000,-250000,-200000
1000000,1050000,-200000,-150000
1000000,1050000,-150000,-100000
1000000,1050000,-100000,-50000
1000000,1050000,-50000,0
1000000,1050000,0,50000
1000000,1050000,50000,100000
1000000,1050000,100000,150000
1000000,1050000,150000,200000
1000000,1050000,200000,250000
1000000,1050000,250000,300000
1000000,1050000,300000,350000
1000000,1050000,350000,400000
1000000,1050000,400000,450000
1000000,1050000,450000,500000
1000000,1050000,500000,550000
1000000,1050000,550000,600000
1000000,1050000,600000,650000
1000000,1050000,650000,700000
1000000,1050000,700000,750000
1000000,1050000,750000,800000
1000000,1050000,800000,850000
1000000,1050000,850000,900000
1050000,1100000,-1300000,-1250000
1050000,1100000,-1250000,-1200000
1050000,1100000,-1200000,-1150000
1050000,1100000,-1150000,-1100000
1050000,1100000,-1100000,-1050000
1050000,1100000,-1050000,-1000000
1050000,1100000,-1000000,-950000
1050000,1100000,-950000,-900000
1050000,1100000,-900000,-850000
1050000,1100000,-850000,-800000
1050000,1100000,-800000,-750000
1050000,1100000,-750000,-700000
1050000,1100000,-700000,-650000
1050000,1100000,-650000,-600000
1050000,1100000,-600000,-550000
1050000,1100000,-550000,-500000
1050000,1100000,-500000,-450000
1050000,1100000,-450000,-400000
1050000,1100000,-400000,-350000
1050000,1100000,-350000,-300000
1050000,1100000,-300000,-250000
1050000,1100000,-250000,-200000
1050000,1100000,-200000,-150000
1050000,1100000,-150000,-100000
1050000,1100000,-100000,-50000
1050000,1100000,-50000,0
1050000,1100000,0,50000
1050000,1100000,50000,100000
1050000,1100000,100000,150000
1050000,1100000,150000,200000
1050000,1100000,200000,250000
1050000,1100000,250000,300000
1050000,1100000,300000,350000
1050000,1100000,350000,400000
1050000,1100000,400000,450000
1050000,1100000,450000,500000
1050000,1100000,500000,550000
1050000,1100000,550000,600000
1050000,1100000,600000,650000
1050000,1100000,650000,700000
1050000,1100000,700000,750000
1050000,1100000,750000,800000
1050000,1100000,800000,850000
1050000,1100000,850000,900000
1100000,1150000,-1300000,-1250000
1100000,1150000,-1250000,-1200000
1100000,1150000,-1200000,-1150000
1100000,1150000,-1150000,-1100000
1100000,1150000,-1100000,-1050000
1100000,1150000,-1050000,-1000000
1100000,1150000,-1000000,-950000
1100000,1150000,-950000,-900000
1100000,1150000,-900000,-850000
1100000,1150000,-850000,-800000
1100000,1150000,-800000,-750000
1100000,1150000,-750000,-700000
1100000,1150000,-700000,-650000
1100000,1150000,-650000,-600000
1100000,1150000,-600000,-550000
1100000,1150000,-550000,-500000
1100000,1150000,-500000,-450000
1100000,1150000,-450000,-400000
1100000,1150000,-400000,-350000
1100000,1150000,-350000,-300000
1100000,1150000,-300000,-250000
1100000,1150000,-250000,-200000
1100000,1150000,-200000,-150000
1100000,1150000,-150000,-100000
1100000,1150000,-100000,-50000
1100000,1150000,-50000,0
1100000,1150000,0,50000
1100000,1150000,50000,100000
1100000,1150000,100000,150000
1100000,1150000,150000,200000
1100000,1150000,200000,250000
1100000,1150000,250000,300000
1100000,1150000,300000,350000
1100000,1150000,350000,400000
1100000,1150000,400000,450000
1100000,1150000,450000,500000
1100000,1150000,500000,550000
1100000,1150000,550000,600000
1100000,1150000,600000,650000
1100000,1150000,650000,700000
1100000,1150000,700000,750000
1100000,1150000,750000,800000
1100000,1150000,800000,850000
1100000,1150000,850000,900000
1150000,1200000,-1300000,-1250000
1150000,1200000,-1250000,-1200000
1150000,1200000,-1200000,-1150000
1150000,1200000,-1150000,-1100000
1150000,1200000,-1100000,-1050000
1150000,1200000,-1050000,-1000000
1150000,1200000,-1000000,-950000
1150000,1200000,-950000,-900000
1150000,1200000,-900000,-850000
1150000,1200000,-850000,-800000
1150000,1200000,-800000,-750000
1150000,1200000,-750000,-700000
1150000,1200000,-700000,-650000
1150000,1200000,-650000,-600000
1150000,1200000,-600000,-550000
1150000,1200000,-550000,-500000
1150000,1200000,-500000,-450000
1150000,1200000,-450000,-400000
1150000,1200000,-400000,-350000
1150000,1200000,-350000,-300000
1150000,1200000,-300000,-250000
1150000,1200000,-250000,-200000
1150000,1200000,-200000,-150000
1150000,1200000,-150000,-100000
1150000,1200000,-100000,-50000
1150000,1200000,-50000,0
1150000,1200000,0,50000
1150000,1200000,50000,100000
1150000,1200000,100000,150000
1150000,1200000,150000,200000
1150000,1200000,200000,250000
1150000,1200000,250000,300000
1150000,1200000,300000,350000
1150000,1200000,350000,400000
1150000,1200000,400000,450000
1150000,1200000,450000,500000
1150000,1200000,500000,550000
1150000,1200000,550000,600000
1150000,1200000,600000,650000
1150000,1200000,650000,700000
1150000,1200000,700000,750000
1150000,1200000,750000,800000
1150000,1200000,800000,850000
1150000,1200000,850000,900000
1200000,1250000,-1300000,-1250000
1200000,1250000,-1250000,-1200000
1200000,1250000,-1200000,-1150000
1200000,1250000,-1150000,-1100000
1200000,1250000,-1100000,-1050000
1200000,1250000,-1050000,-1000000
1200000,1250000,-1000000,-950000
1200000,1250000,-950000,-900000
1200000,1250000,-900000,-850000
1200000,1250000,-850000,-800000
1200000,1250000,-800000,-750000
1200000,1250000,-750000,-700000
1200000,1250000,-700000,-650000
1200000,1250000,-650000,-600000
1200000,1250000,-600000,-550000
1200000,1250000,-550000,-500000
1200000,1250000,-500000,-450000
1200000,1250000,-450000,-400000
1200000,1250000,-400000,-350000
1200000,1250000,-350000,-300000
1200000,1250000,-300000,-250000
1200000,1250000,-250000,-200000
1200000,1250000,-200000,-150000
1200000,1250000,-150000,-100000
1200000,1250000,-100000,-50000
1200000,1250000,-50000,0
1200000,1250000,0,50000
1200000,1250000,50000,100000
1200000,1250000,100000,150000
1200000,1250000,150000,200000
1200000,1250000,200000,250000
1200000,1250000,250000,300000
1200000,1250000,300000,350000
1200000,1250000,350000,400000
1200000,1250000,400000,450000
1200000,1250000,450000,500000
1200000,1250000,500000,550000
1200000,1250000,550000,600000
1200000,1250000,600000,650000
1200000,1250000,650000,700000
1200000,1250000,700000,750000
1200000,1250000,750000,800000
1200000,1250000,800000,850000
1200000,1250000,850000,900000
1250000,1300000,-1300000,-1250000
1250000,1300000,-1250000,-1200000
1250000,1300000,-1200000,-1150000
1250000,1300000,-1150000,-1100000
1250000,1300000,-1100000,-1050000
1250000,1300000,-1050000,-1000000
1250000,1300000,-1000000,-950000
1250000,1300000,-950000,-900000
1250000,1300000,-900000,-850000
1250000,1300000,-850000,-800000
1250000,1300000,-800000,-750000
1250000,1300000,-750000,-700000
1250000,1300000,-700000,-650000
1250000,1300000,-650000,-600000
1250000,1300000,-600000,-550000
1250000,1300000,-550000,-500000
1250000,1300000,-500000,-450000
1250000,1300000,-450000,-400000
1250000,1300000,-400000,-350000
1250000,1300000,-350000,-300000
1250000,1300000,-300000,-250000
1250000,1300000,-250000,-200000
1250000,1300000,-200000,-150000
1250000,1300000,-150000,-100000
1250000,1300000,-100000,-50000
1250000,1300000,-50000,0
1250000,1300000,0,50000
1250000,1300000,50000,100000
1250000,1300000,100000,150000
1250000,1300000,150000,200000
1250000,1300000,200000,250000
1250000,1300000,250000,300000
1250000,1300000,300000,350000
1250000,1300000,350000,400000
1250000,1300000,400000,450000
1250000,1300000,450000,500000
1250000,1300000,500000,550000
1250000,1300000,550000,600000
1250000,1300000,600000,650000
1250000,1300000,650000,700000
1250000,1300000,700000,750000
1250000,1300000,750000,800000
1250000,1300000,800000,850000
1250000,1300000,850000,900000
1300000,1350000,-1300000,-1250000
1300000,1350000,-1250000,-1200000
1300000,1350000,-1200000,-1150000
1300000,1350000,-1150000,-1100000
1300000,1350000,-1100000,-1050000
1300000,1350000,-1050000,-1000000
1300000,1350000,-1000000,-950000
1300000,1350000,-950000,-900000
1300000,1350000,-900000,-850000
1300000,1350000,-850000,-800000
1300000,1350000,-800000,-750000
1300000,1350000,-750000,-700000
1300000,1350000,-700000,-650000
1300000,1350000,-650000,-600000
1300000,1350000,-600000,-550000
1300000,1350000,-550000,-500000
1300000,1350000,-500000,-450000
1300000,1350000,-450000,-400000
1300000,1350000,-400000,-350000
1300000,1350000,-350000,-300000
1300000,1350000,-300000,-250000
1300000,1350000,-250000,-200000
1300000,1350000,-200000,-150000
1300000,1350000,-150000,-100000
1300000,1350000,-100000,-50000
1300000,1350000,-50000,0
1300000,1350000,0,50000
1300000,1350000,50000,100000
1300000,1350000,100000,150000
1300000,1350000,150000,200000
1300000,1350000,200000,250000
1300000,1350000,250000,300000
1300000,1350000,300000,350000
1300000,1350000,350000,400000
1300000,1350000,400000,450000
1300000,1350000,450000,500000
1300000,1350000,500000,550000
1300000,1350000,550000,600000
1300000,1350000,600000,650000
1300000,1350000,650000,700000
1300000,1350000,700000,750000
1300000,1350000,750000,800000
1300000,1350000,800000,850000
1300000,1350000,850000,900000
1350000,1400000,-1300000,-1250000
1350000,1400000,-1250000,-1200000
1350000,1400000,-1200000,-1150000
1350000,1400000,-1150000,-1100000
1350000,1400000,-1100000,-1050000
1350000,1400000,-1050000,-1000000
1350000,1400000,-1000000,-950000
1350000,1400000,-950000,-900000
1350000,1400000,-900000,-850000
1350000,1400000,-850000,-800000
1350000,1400000,-800000,-750000
1350000,1400000,-750000,-700000
1350000,1400000,-700000,-650000
1350000,1400000,-650000,-600000
1350000,1400000,-600000,-550000
1350000,1400000,-550000,-500000
1350000,1400000,-500000,-450000
1350000,1400000,-450000,-400000
1350000,1400000,-400000,-350000
1350000,1400000,-350000,-300000
1350000,1400000,-300000,-250000
1350000,1400000,-250000,-200000
1350000,1400000,-200000,-150000
1350000,1400000,-150000,-100000
1350000,1400000,-100000,-50000
1350000,1400000,-50000,0
1350000,1400000,0,50000
1350000,1400000,50000,100000
1350000,1400000,100000,150000
1350000,1400000,150000,200000
1350000,1400000,200000,250000
1350000,1400000,250000,300000
1350000,1400000,300000,350000
1350000,1400000,350000,400000
1350000,1400000,400000,450000
1350000,1400000,450000,500000
1350000,1400000,500000,550000
1350000,1400000,550000,600000
1350000,1400000,600000,650000
1350000,1400000,650000,700000
1350000,1400000,700000,750000
1350000,1400000,750000,800000
1350000,1400000,800000,850000
1350000,1400000,850000,900000
1400000,1450000,-1300000,-1250000
1400000,1450000,-1250000,-1200000
1400000,1450000,-1200000,-1150000
1400000,1450000,-1150000,-1100000
1400000,1450000,-1100000,-1050000
1400000,1450000,-1050000,-1000000
1400000,1450000,-1000000,-950000
1400000,1450000,-950000,-900000
1400000,1450000,-900000,-850000
1400000,1450000,-850000,-800000
1400000,1450000,-800000,-750000
1400000,1450000,-750000,-700000
1400000,1450000,-700000,-650000
1400000,1450000,-650000,-600000
1400000,1450000,-600000,-550000
1400000,1450000,-550000,-500000
1400000,1450000,-500000,-450000
1400000,1450000,-450000,-400000
1400000,1450000,-400000,-350000
1400000,1450000,-350000,-300000
1400000,1450000,-300000,-250000
1400000,1450000,-250000,-200000
1400000,1450000,-200000,-150000
1400000,1450000,-150000,-100000
1400000,1450000,-100000,-50000
1400000,1450000,-50000,0
1400000,1450000,0,50000
1400000,1450000,50000,100000
1400000,1450000,100000,150000
1400000,1450000,150000,200000
1400000,1450000,200000,250000
1400000,1450000,250000,300000
1400000,1450000,300000,350000
1400000,1450000,350000,400000
1400000,1450000,400000,450000
1400000,1450000,450000,500000
1400000,1450000,500000,550000
1400000,1450000,550000,600000
1400000,1450000,600000,650000
1400000,1450000,650000,700000
1400000,1450000,700000,750000
1400000,1450000,750000,800000
1400000,1450000,800000,850000
1400000,1450000,850000,900000
1450000,1500000,-1300000,-1250000
1450000,1500000,-1250000,-1200000
1450000,1500000,-1200000,-1150000
1450000,1500000,-1150000,-1100000
1450000,1500000,-1100000,-1050000
1450000,1500000,-1050000,-1000000
1450000,1500000,-1000000,-950000
1450000,1500000,-950000,-900000
1450000,1500000,-900000,-850000
1450000,1500000,-850000,-800000
1450000,1500000,-800000,-750000
1450000,1500000,-750000,-700000
1450000,1500000,-700000,-650000
1450000,1500000,-650000,-600000
1450000,1500000,-600000,-550000
1450000,1500000,-550000,-500000
1450000,1500000,-500000,-450000
1450000,1500000,-450000,-400000
1450000,1500000,-400000,-350000
1450000,1500000,-350000,-300000
1450000,1500000,-300000,-250000
1450000,1500000,-250000,-200000
1450000,1500000,-200000,-150000
1450000,1500000,-150000,-100000
1450000,1500000,-100000,-50000
1450000,1500000,-50000,0
1450000,1500000,0,50000
1450000,1500000,50000,100000
1450000,1500000,100000,150000
1450000,1500000,150000,200000
1450000,1500000,200000,250000
1450000,1500000,250000,300000
1450000,1500000,300000,350000
1450000,1500000,350000,400000
1450000,1500000,400000,450000
1450000,1500000,450000,500000
1450000,1500000,500000,550000
1450000,1500000,550000,600000
1450000,1500000,600000,650000
1450000,1500000,650000,700000
1450000,1500000,700000,750000
1450000,1500000,750000,800000
1450000,1500000,800000,850000
1450000,1500000,850000,900000
1500000,1550000,-1300000,-1250000
1500000,1550000,-1250000,-1200000
1500000,1550000,-1200000,-1150000
1500000,1550000,-1150000,-1100000
1500000,1550000,-1100000,-1050000
1500000,1550000,-1050000,-1000000
1500000,1550000,-1000000,-950000
1500000,1550000,-950000,-900000
1500000,1550000,-900000,-850000
1500000,1550000,-850000,-800000
1500000,1550000,-800000,-750000
1500000,1550000,-750000,-700000
1500000,1550000,-700000,-650000
1500000,1550000,-650000,-600000
1500000,1550000,-600000,-550000
1500000,1550000,-550000,-500000
1500000,1550000,-500000,-450000
1500000,1550000,-450000,-400000
1500000,1550000,-400000,-350000
1500000,1550000,-350000,-300000
1500000,1550000,-300000,-250000
1500000,1550000,-250000,-200000
1500000,1550000,-200000,-150000
1500000,1550000,-150000,-100000
1500000,1550000,-100000,-50000
1500000,1550000,-50000,0
1500000,1550000,0,50000
1500000,1550000,50000,100000
1500000,1550000,100000,150000
1500000,1550000,150000,200000
1500000,1550000,200000,250000
1500000,1550000,250000,300000
1500000,1550000,300000,350000
1500000,1550000,350000,400000
1500000,1550000,400000,450000
1500000,1550000,450000,500000
1500000,1550000,500000,550000
1500000,1550000,550000,600000
1500000,1550000,600000,650000
1500000,1550000,650000,700000
1500000,1550000,700000,750000
1500000,1550000,750000,800000
1500000,1550000,800000,850000
1500000,1550000,850000,900000
1550000,1600000,-1300000,-1250000
1550000,1600000,-1250000,-1200000
1550000,1600000,-1200000,-1150000
1550000,1600000,-1150000,-1100000
1550000,1600000,-1100000,-1050000
1550000,1600000,-1050000,-1000000
1550000,1600000,-1000000,-950000
1550000,1600000,-950000,-900000
1550000,1600000,-900000,-850000
1550000,1600000,-850000,-800000
1550000,1600000,-800000,-750000
1550000,1600000,-750000,-700000
1550000,1600000,-700000,-650000
1550000,1600000,-650000,-600000
1550000,1600000,-600000,-550000
1550000,1600000,-550000,-500000
1550000,1600000,-500000,-450000
1550000,1600000,-450000,-400000
1550000,1600000,-400000,-350000
1550000,1600000,-350000,-300000
1550000,1600000,-300000,-250000
1550000,1600000,-250000,-200000
1550000,1600000,-200000,-150000
1550000,1600000,-150000,-100000
1550000,1600000,-100000,-50000
1550000,1600000,-50000,0
1550000,1600000,0,50000
1550000,1600000,50000,100000
1550000,1600000,100000,150000
1550000,1600000,150000,200000
1550000,1600000,200000,250000
1550000,1600000,250000,300000
1550000,1600000,300000,350000
1550000,1600000,350000,400000
1550000,1600000,400000,450000
1550000,1600000,450000,500000
1550000,1600000,500000,550000
1550000,1600000,550000,600000
1550000,1600000,600000,650000
1550000,1600000,650000,700000
1550000,1600000,700000,750000
1550000,1600000,750000,800000
1550000,1600000,800000,850000
1550000,1600000,850000,900000
1600000,1650000,-1300000,-1250000
1600000,1650000,-1250000,-1200000
1600000,1650000,-1200000,-1150000
1600000,1650000,-1150000,-1100000
1600000,1650000,-1100000,-1050000
1600000,1650000,-1050000,-1000000
1600000,1650000,-1000000,-950000
1600000,1650000,-950000,-900000
1600000,1650000,-900000,-850000
1600000,1650000,-850000,-800000
1600000,1650000,-800000,-750000
1600000,1650000,-750000,-700000
1600000,1650000,-700000,-650000
1600000,1650000,-650000,-600000
1600000,1650000,-600000,-550000
1600000,1650000,-550000,-500000
1600000,1650000,-500000,-450000
1600000,1650000,-450000,-400000
1600000,1650000,-400000,-350000
1600000,1650000,-350000,-300000
1600000,1650000,-300000,-250000
1600000,1650000,-250000,-200000
1600000,1650000,-200000,-150000
1600000,1650000,-150000,-100000
1600000,1650000,-100000,-50000
1600000,1650000,-50000,0
1600000,1650000,0,50000
1600000,1650000,50000,100000
1600000,1650000,100000,150000
1600000,1650000,150000,200000
1600000,1650000,200000,250000
1600000,1650000,250000,300000
1600000,1650000,300000,350000
1600000,1650000,350000,400000
1600000,1650000,400000,450000
1600000,1650000,450000,500000
1600000,1650000,500000,550000
1600000,1650000,550000,600000
1600000,1650000,600000,650000
1600000,1650000,650000,700000
1600000,1650000,700000,750000
1600000,1650000,750000,800000
1600000,1650000,800000,850000
1600000,1650000,850000,900000
1650000,1700000,-1300000,-1250000
1650000,1700000,-1250000,-1200000
1650000,1700000,-1200000,-1150000
1650000,1700000,-1150000,-1100000
1650000,1700000,-1100000,-1050000
1650000,1700000,-1050000,-1000000
1650000,1700000,-1000000,-950000
1650000,1700000,-950000,-900000
1650000,1700000,-900000,-850000
1650000,1700000,-850000,-800000
1650000,1700000,-800000,-750000
1650000,1700000,-750000,-700000
1650000,1700000,-700000,-650000
1650000,1700000,-650000,-600000
1650000,1700000,-600000,-550000
1650000,1700000,-550000,-500000
1650000,1700000,-500000,-450000
1650000,1700000,-450000,-400000
1650000,1700000,-400000,-350000
1650000,1700000,-350000,-300000
1650000,1700000,-300000,-250000
1650000,1700000,-250000,-200000
1650000,1700000,-200000,-150000
1650000,1700000,-150000,-100000
1650000,1700000,-100000,-50000
1650000,1700000,-50000,0
1650000,1700000,0,50000
1650000,1700000,50000,100000
1650000,1700000,100000,150000
1650000,1700000,150000,200000
1650000,1700000,200000,250000
1650000,1700000,250000,300000
1650000,1700000,300000,350000
1650000,1700000,350000,400000
1650000,1700000,400000,450000
1650000,1700000,450000,500000
1650000,1700000,500000,550000
1650000,1700000,550000,600000
1650000,1700000,600000,650000
1650000,1700000,650000,700000
1650000,1700000,700000,750000
1650000,1700000,750000,800000
1650000,1700000,800000,850000
1650000,1700000,850000,900000
