-1900000,-1700000,-1300000,-1100000
-1900000,-1700000,-1100000,-900000
-1900000,-1700000,-900000,-700000
-1900000,-1700000,-700000,-500000
-1900000,-1700000,-500000,-300000
-1900000,-1700000,-300000,-100000
-1900000,-1700000,-100000,100000
-1900000,-1700000,100000,300000
-1900000,-1700000,300000,500000
-1900000,-1700000,500000,700000
-1900000,-1700000,700000,900000
-1700000,-1500000,-1300000,-1100000
-1700000,-1500000,-1100000,-900000
-1700000,-1500000,-900000,-700000
-1700000,-1500000,-700000,-500000
-1700000,-1500000,-500000,-300000
-1700000,-1500000,-300000,-100000
-1700000,-1500000,-100000,100000
-1700000,-1500000,100000,300000
-1700000,-1500000,300000,500000
-1700000,-1500000,500000,700000
-1700000,-1500000,700000,900000
-1500000,-1300000,-1300000,-1100000
-1500000,-1300000,-1100000,-900000
-1500000,-1300000,-900000,-700000
-1500000,-1300000,-700000,-500000
-1500000,-1300000,-500000,-300000
-1500000,-1300000,-300000,-100000
-1500000,-1300000,-100000,100000
-1500000,-1300000,100000,300000
-1500000,-1300000,300000,500000
-1500000,-1300000,500000,700000
-1500000,-1300000,700000,900000
-1300000,-1100000,-1300000,-1100000
-1300000,-1100000,-1100000,-900000
-1300000,-1100000,-900000,-700000
-1300000,-1100000,-700000,-500000
-1300000,-1100000,-500000,-300000
-1300000,-1100000,-300000,-100000
-1300000,-1100000,-100000,100000
-1300000,-1100000,100000,300000
-1300000,-1100000,300000,500000
-1300000,-1100000,500000,700000
-1300000,-1100000,700000,900000
-1100000,-900000,-1300000,-1100000
-1100000,-900000,-1100000,-900000
-1100000,-900000,-900000,-700000
-1100000,-900000,-700000,-500000
-1100000,-900000,-500000,-300000
-1100000,-900000,-300000,-100000
-1100000,-900000,-100000,100000
-1100000,-900000,100000,300000
-1100000,-900000,300000,500000
-1100000,-900000,500000,700000
-1100000,-900000,700000,900000
-900000,-700000,-1300000,-1100000
-900000,-700000,-1100000,-900000
-900000,-700000,-900000,-700000
-900000,-700000,-700000,-500000
-900000,-700000,-500000,-300000
-900000,-700000,-300000,-100000
-900000,-700000,-100000,100000
-900000,-700000,100000,300000
-900000,-700000,300000,500000
-900000,-700000,500000,700000
-900000,-700000,700000,900000
-700000,-500000,-1300000,-1100000
-700000,-500000,-1100000,-900000
-700000,-500000,-900000,-700000
-700000,-500000,-700000,-500000
-700000,-500000,-500000,-300000
-700000,-500000,-300000,-100000
-700000,-500000,-100000,100000
-700000,-500000,100000,300000
-700000,-500000,300000,500000
-700000,-500000,500000,700000
-700000,-500000,700000,900000
-500000,-300000,-1300000,-1100000
-500000,-300000,-1100000,-900000
-500000,-300000,-900000,-700000
-500000,-300000,-700000,-500000
-500000,-300000,-500000,-300000
-500000,-300000,-300000,-100000
-500000,-300000,-100000,100000
-500000,-300000,100000,300000
-500000,-300000,300000,500000
-500000,-300000,500000,700000
-500000,-300000,700000,900000
-300000,-100000,-1300000,-1100000
-300000,-100000,-1100000,-900000
-300000,-100000,-900000,-700000
-300000,-100000,-700000,-500000
-300000,-100000,-500000,-300000
-300000,-100000,-300000,-100000
-300000,-100000,-100000,100000
-300000,-100000,100000,300000
-300000,-100000,300000,500000
-300000,-100000,500000,700000
-300000,-100000,700000,900000
-100000,100000,-1300000,-1100000
-100000,100000,-1100000,-900000
-100000,100000,-900000,-700000
-100000,100000,-700000,-500000
-100000,100000,-500000,-300000
-100000,100000,-300000,-100000
-100000,100000,-100000,100000
-100000,100000,100000,300000
-100000,100000,300000,500000
-100000,100000,500000,700000
-100000,100000,700000,900000
100000,300000,-1300000,-1100000
100000,300000,-1100000,-900000
100000,300000,-900000,-700000
100000,300000,-700000,-500000
100000,300000,-500000,-300000
100000,300000,-300000,-100000
100000,300000,-100000,100000
100000,300000,100000,300000
100000,300000,300000,500000
100000,300000,500000,700000
100000,300000,700000,900000
300000,500000,-1300000,-1100000
300000,500000,-1100000,-900000
300000,500000,-900000,-700000
300000,500000,-700000,-500000
300000,500000,-500000,-300000
300000,500000,-300000,-100000
300000,500000,-100000,100000
300000,500000,100000,300000
300000,500000,300000,500000
300000,500000,500000,700000
300000,500000,700000,900000
500000,700000,-1300000,-1100000
500000,700000,-1100000,-900000
500000,700000,-900000,-700000
500000,700000,-700000,-500000
500000,700000,-500000,-300000
500000,700000,-300000,-100000
500000,700000,-100000,100000
500000,700000,100000,300000
500000,700000,300000,500000
500000,700000,500000,700000
500000,700000,700000,900000
700000,900000,-1300000,-1100000
700000,900000,-1100000,-900000
700000,900000,-900000,-700000
700000,900000,-700000,-500000
700000,900000,-500000,-300000
700000,900000,-300000,-100000
700000,900000,-100000,100000
700000,900000,100000,300000
700000,900000,300000,500000
700000,900000,500000,700000
700000,900000,700000,900000
900000,1100000,-1300000,-1100000
900000,1100000,-1100000,-900000
900000,1100000,-900000,-700000
900000,1100000,-700000,-500000
900000,1100000,-500000,-300000
900000,1100000,-300000,-100000
900000,1100000,-100000,100000
900000,1100000,100000,300000
900000,1100000,300000,500000
900000,1100000,500000,700000
900000,1100000,700000,900000
1100000,1300000,-1300000,-1100000
1100000,1300000,-1100000,-900000
1100000,1300000,-900000,-700000
1100000,1300000,-700000,-500000
1100000,1300000,-500000,-300000
1100000,1300000,-300000,-100000
1100000,1300000,-100000,100000
1100000,1300000,100000,300000
1100000,1300000,300000,500000
1100000,1300000,500000,700000
1100000,1300000,700000,900000
1300000,1500000,-1300000,-1100000
1300000,1500000,-1100000,-900000
1300000,1500000,-900000,-700000
1300000,1500000,-700000,-500000
1300000,1500000,-500000,-300000
1300000,1500000,-300000,-100000
1300000,1500000,-100000,100000
1300000,1500000,100000,300000
1300000,1500000,300000,500000
1300000,1500000,500000,700000
1300000,1500000,700000,900000
1500000,1700000,-1300000,-1100000
1500000,1700000,-1100000,-900000
1500000,1700000,-900000,-700000
1500000,1700000,-700000,-500000
1500000,1700000,-500000,-300000
1500000,1700000,-300000,-100000
1500000,1700000,-100000,100000
1500000,1700000,100000,300000
1500000,1700000,300000,500000
1500000,1700000,500000,700000
1500000,1700000,700000,900000
